"TOA5","CR1000","CR1000","74426","CR1000.Std.28.02","CPU:Teste_CR_PROGRAMATION_FILE_NAME.CR1","34651","CR_1000_SITE_NAME"
"TIMESTAMP","RECORD","Bat_Volt","Bat_Volt_Min","Temp_Int","Pression_bridge","Pression_bridge_v","TDGP1_Avg","Pression_bridge_Avg","Pression_bridge_v_Avg"
"TS","RN","volt","volt","DegC","psi","millivolt","mmHg","psi","millivolt"
"","","Smp","Min","Smp","Smp","Smp","Avg","Avg","Avg"
"2016-06-21 14:20:00",0,13.1626,13.10744,0,14.02204,1.921127,134.5415,14.00712,1.919869
"2016-06-21 14:25:00",1,13.20133,13.1626,0,14.18264,1.934675,134.8259,14.08652,1.925888
"2016-06-21 14:30:00",2,13.1904,13.11878,0,14.34368,1.948261,134.8269,14.283,1.943594
"2016-06-21 14:35:00",3,13.2345,13.16286,0,14.50451,1.961828,134.8273,14.42276,1.955271
"2016-06-21 14:40:00",4,13.22874,13.22866,0,14.66541,1.975402,134.8259,14.54161,1.964506
"2016-06-21 14:45:00",5,13.32252,13.22323,0,14.82568,1.988922,134.8262,14.72277,1.980806
"2016-06-21 14:50:00",6,13.29506,13.29503,0,15.06737,2.002523,134.827,14.91705,1.996969
"2016-06-21 14:55:00",7,13.32814,13.25102,0,15.14734,2.016057,134.8273,15.09657,2.012
"2016-06-21 15:00:00",8,13.33918,13.32814,0,15.38843,2.036395,134.8275,15.30272,2.029165
"2016-06-21 15:05:00",9,13.33919,13.33368,0,15.62972,2.049963,134.8276,15.45141,2.041029
"2016-06-21 15:10:00",10,13.31716,13.31716,0,15.71013,2.063534,134.8277,15.66456,2.059689
"2016-06-21 15:15:00",11,13.32818,13.25107,0,15.95149,2.083895,134.8277,15.82142,2.073035
"2016-06-21 15:20:00",12,13.30615,13.24006,0,16.11308,2.097527,134.8277,16.02152,2.089576
"2016-06-21 15:25:00",13,13.37224,13.25107,0,16.27368,2.111074,134.8277,16.20411,2.105432
"2016-06-21 15:30:00",14,13.36122,13.36122,0,16.43443,2.124635,135.1749,16.3822,2.119664
"2016-06-21 15:35:00",15,13.37224,13.36122,0,16.67574,2.144992,138.746,16.56848,2.135378
"2016-06-21 15:40:00",16,13.33919,13.24556,0,16.75684,2.151834,140.7796,16.71759,2.149089
"2016-06-21 15:45:00",17,13.37224,13.3447,0,16.99844,2.172215,141.9204,16.94632,2.166913
"2016-06-21 15:50:00",18,13.37224,13.36673,0,17.23937,2.19254,145.0452,17.08802,2.180338
"2016-06-21 15:55:00",19,13.39427,13.36122,0,17.3196,2.206096,146.682,17.28213,2.196599
"2016-06-21 16:00:00",20,13.36122,13.3447,0,17.56085,2.21966,146.7316,17.44423,2.210048
"2016-06-21 16:05:00",21,13.38876,13.35021,0,17.72173,2.233231,146.7316,17.6319,2.225201
"2016-06-21 16:10:00",22,13.37224,13.37224,0,17.88263,2.246805,146.7316,17.81022,2.240584
"2016-06-21 16:15:00",23,13.39427,13.35021,0,18.04354,2.26038,146.7316,17.96174,2.252913
"2016-06-21 16:20:00",24,13.37224,13.37224,0,18.20446,2.280743,146.7316,18.13071,2.267959
"2016-06-21 16:25:00",25,13.36122,13.36122,0,18.36539,2.287531,146.7316,18.29565,2.281761
"2016-06-21 16:30:00",26,13.36122,13.36122,0,18.52632,2.307895,146.7316,18.46061,2.295789
"2016-06-21 16:35:00",27,13.36673,13.36122,0,18.68725,2.314682,146.7316,18.62958,2.309479
"2016-06-21 16:40:00",28,13.36122,13.36122,0,18.84818,2.335046,146.7316,18.80258,2.325091
"2016-06-21 16:45:00",29,13.36122,13.36122,0,19.00911,2.341834,146.7316,18.96217,2.338553
"2016-06-21 16:50:00",30,13.35526,13.35526,0,19.17003,2.362198,146.7308,19.13785,2.353713
"2016-06-21 16:55:00",31,13.36104,13.35526,0,19.33144,2.369027,146.7295,19.28744,2.365427
"2016-06-21 17:00:00",32,13.36664,13.36104,0,19.57337,2.389436,146.7307,19.47656,2.381382
"2016-06-21 17:05:00",33,13.35016,13.35016,0,19.65333,2.396181,147.1776,19.62003,2.393258
"2016-06-21 17:10:00",34,13.3612,13.35016,0,19.89447,2.416524,150.4514,19.80203,2.408725
"2016-06-21 17:15:00",35,13.26208,13.26208,0,20.05524,2.423298,152.6835,19.93461,2.419909
"2016-06-21 17:20:00",36,13.36122,13.25106,0,20.21611,2.443657,153.5268,20.11824,2.435853
"2016-06-21 17:25:00",37,13.36122,13.36122,0,20.37701,2.457231,157.1476,20.2912,2.45067
"2016-06-21 17:30:00",38,13.33919,13.33919,0,20.53793,2.470806,158.586,20.4454,2.462773
"2016-06-21 17:35:00",39,13.3447,13.33368,0,20.61839,2.477593,158.6356,20.56072,2.472615
"2016-06-21 17:40:00",40,13.33368,13.33368,0,20.77932,2.491169,158.6356,20.73372,2.486983
"2016-06-21 17:45:00",41,13.32267,13.32267,0,20.94024,2.504745,158.6356,20.86917,2.498748
"2016-06-21 17:50:00",42,13.31716,13.31716,0,21.10117,2.51832,158.6356,21.03814,2.513116
"2016-06-21 17:55:00",43,13.30615,13.30064,0,21.26274,2.531951,158.6356,21.18895,2.526065
"2016-06-21 18:00:00",44,13.30615,13.30064,0,21.42336,2.5455,158.6356,21.33366,2.537593
"2016-06-21 18:05:00",45,13.29513,13.26759,0,21.50468,2.552361,158.6356,21.48252,2.550265
"2016-06-21 18:10:00",46,13.29513,13.29513,0,21.74537,2.572665,158.6356,21.62096,2.562509
"2016-06-21 18:15:00",47,13.28962,13.28962,0,21.82559,2.579432,158.6356,21.78952,2.576615
"2016-06-21 18:20:00",48,13.28412,13.28412,0,22.06686,2.599786,158.6356,21.90197,2.586781
"2016-06-21 18:25:00",49,13.2731,13.2731,0,22.14726,2.606568,158.6356,22.09901,2.602837
"2016-06-21 18:30:00",50,13.25107,13.25107,0,22.22768,2.620141,158.6356,22.19954,2.611318
"2016-06-21 18:35:00",51,13.24006,13.24006,0,22.46907,2.633716,158.6356,22.40604,2.628286
"2016-06-21 18:40:00",52,13.25107,13.24006,0,22.54952,2.640503,158.6356,22.50125,2.636883
"2016-06-21 18:45:00",53,13.23455,13.23455,0,22.71045,2.654079,158.6356,22.66486,2.649893
"2016-06-21 18:50:00",54,13.23455,13.22904,0,22.87138,2.667655,158.6356,22.79494,2.661433
"2016-06-21 18:55:00",55,13.22353,13.22353,0,23.03231,2.681231,158.6356,22.93977,2.672972
"2016-06-21 19:00:00",56,13.21803,13.21252,0,23.11277,2.688019,158.9332,23.08997,2.685756
"2016-06-21 19:05:00",57,13.21252,13.21252,0,23.35416,2.708382,162.4052,23.19726,2.694806
"2016-06-21 19:10:00",58,13.20701,13.20701,0,23.43463,2.71517,164.7363,23.38635,2.711437
"2016-06-21 19:15:00",59,13.19049,13.18498,0,23.59556,2.728746,167.1667,23.50034,2.720148
"2016-06-21 19:20:00",60,13.17397,13.17397,0,23.75648,2.742322,170.2419,23.71223,2.738589
"2016-06-21 19:25:00",61,13.16295,13.16295,0,23.83695,2.74911,170.5395,23.77258,2.743906
"2016-06-21 19:30:00",62,13.15194,13.15194,0,23.99788,2.762686,170.5395,23.89864,2.754201
"2016-06-21 19:35:00",63,13.14092,13.14092,0,24.07834,2.769474,170.5395,24.0542,2.767663
"2016-06-21 19:40:00",64,13.1244,13.1244,0,24.31973,2.789837,170.5395,24.17087,2.778298
"2016-06-21 19:45:00",65,13.10788,13.10788,0,24.4002,2.796625,170.5395,24.35058,2.792213
"2016-06-21 19:50:00",66,13.10788,13.10237,0,24.48066,2.803413,170.5395,24.43104,2.799567
"2016-06-21 19:55:00",67,13.09135,13.09135,0,24.64159,2.823777,170.5395,24.61879,2.815292
"2016-06-21 20:00:00",68,13.08584,13.08584,0,24.80252,2.830565,170.5395,24.73412,2.824682
"2016-06-21 20:05:00",69,13.08584,13.08584,0,24.96345,2.844141,170.5395,24.87628,2.836561
"2016-06-21 20:10:00",70,13.08034,13.08034,0,25.04391,2.850929,170.5395,25.01843,2.848666
"2016-06-21 20:15:00",71,13.06932,13.06932,0,25.12437,2.857717,170.5395,25.11096,2.856133
"2016-06-21 20:20:00",72,13.05831,13.05831,0,25.36577,2.87808,170.5395,25.29201,2.872197
"2016-06-21 20:25:00",73,13.0528,13.0528,0,25.44623,2.884868,170.5395,25.41673,2.882379
"2016-06-21 20:30:00",74,13.0528,13.0528,0,25.60716,2.898444,170.5395,25.5562,2.894258
"2016-06-21 20:35:00",75,13.04179,13.04179,0,25.68762,2.905232,170.5395,25.67019,2.903761
"2016-06-21 20:40:00",76,13.03077,13.03077,0,25.84855,2.91202,170.5395,25.74529,2.909644
"2016-06-21 20:45:00",77,13.03077,13.02526,0,26.00948,2.932384,170.5395,25.9384,2.925822
"2016-06-21 20:50:00",78,13.01976,13.01976,0,26.08994,2.939172,170.5891,26.01618,2.933176
"2016-06-21 20:55:00",79,13.01425,13.01425,0,26.25087,2.952748,170.6387,26.15029,2.944263
"2016-06-21 21:00:00",80,13.00874,13.00874,0,26.33134,2.959536,172.3747,26.30183,2.95716
"2016-06-21 21:05:00",81,13.00874,13.00874,0,26.4118,2.966323,175.3011,26.37961,2.963721
"2016-06-21 21:10:00",82,13.00874,13.00874,0,26.65319,2.986687,177.2851,26.55261,2.978429
"2016-06-21 21:15:00",83,13.00323,13.00323,0,26.65319,2.986687,180.8067,26.65587,2.987026
"2016-06-21 21:20:00",84,13.00323,13.00323,0,26.89458,3.007051,182.3443,26.78596,2.997887
"2016-06-21 21:25:00",85,12.99773,12.99773,0,26.97505,3.013839,182.4435,26.9442,3.011124
"2016-06-21 21:30:00",86,12.99222,12.99222,0,27.05551,3.020627,182.4435,27.01528,3.017346
"2016-06-21 21:35:00",87,12.99222,12.99222,0,27.21644,3.040991,182.4435,27.18291,3.032166
"2016-06-21 21:40:00",88,12.98671,12.98671,0,27.29691,3.047779,182.4435,27.29691,3.04133
"2016-06-21 21:45:00",89,12.98671,12.98671,0,27.5383,3.061354,182.4435,27.4243,3.051512
"2016-06-21 21:50:00",90,12.9812,12.9812,0,27.61876,3.068142,182.4435,27.57585,3.064635
"2016-06-21 21:55:00",91,12.97569,12.97569,0,27.69923,3.07493,182.4435,27.64156,3.070518
"2016-06-21 22:00:00",92,12.97569,12.97569,0,27.86015,3.088506,182.4435,27.7998,3.083302
"2016-06-21 22:05:00",93,12.97019,12.97019,0,27.94062,3.102082,182.4435,27.92587,3.094276
"2016-06-21 22:10:00",94,12.96512,12.96512,0,28.18201,3.102082,182.4443,28.02645,3.102195
"2016-06-21 22:15:00",95,12.96526,12.96503,0,28.26247,3.122446,182.4489,28.18871,3.116789
"2016-06-21 22:20:00",96,12.96558,12.96526,0,28.26247,3.129234,182.4509,28.26247,3.122559
"2016-06-21 22:25:00",97,12.95998,12.95989,0,28.50386,3.142809,182.4522,28.3711,3.131949
"2016-06-21 22:30:00",98,12.95487,12.95462,0,28.58433,3.149597,182.4524,28.53471,3.145977
"2016-06-21 22:35:00",99,12.95535,12.95487,0,28.66479,3.163173,182.4587,28.60444,3.15152
"2016-06-21 22:40:00",100,12.95014,12.94995,0,28.82572,3.169961,182.4623,28.76537,3.164644
"2016-06-21 22:45:00",101,12.95024,12.94474,0,28.90619,3.176749,182.4641,28.90082,3.176296
"2016-06-21 22:50:00",102,12.94479,12.94474,0,28.98665,3.183537,182.4649,28.94508,3.18003
"2016-06-21 22:55:00",103,12.94481,12.94479,0,29.14758,3.197113,182.4653,29.10064,3.192588
"2016-06-21 23:00:00",104,12.9396,12.9396,0,29.22804,3.203901,182.4681,29.21463,3.202882
"2016-06-21 23:05:00",105,12.93396,12.93396,0,29.46944,3.217477,182.4677,29.30314,3.210349
"2016-06-21 23:10:00",106,12.93433,12.93391,0,29.46944,3.231053,182.5668,29.45334,3.222907
"2016-06-21 23:15:00",107,12.92858,12.92858,0,29.5499,3.231053,184.7016,29.54722,3.230826
"2016-06-21 23:20:00",108,12.92842,12.92842,0,29.71083,3.244628,188.4204,29.64109,3.238745
"2016-06-21 23:25:00",109,12.92286,12.92286,0,29.87175,3.258204,191.2472,29.78727,3.251303
"2016-06-21 23:30:00",110,12.92284,12.92284,0,29.95222,3.264992,193.4791,29.87577,3.258657
"2016-06-21 23:35:00",111,12.92282,12.92282,0,30.03268,3.278568,194.2726,29.98709,3.267821
"2016-06-21 23:40:00",112,12.91774,12.91731,0,30.19361,3.285356,194.3721,30.12656,3.280491
"2016-06-21 23:45:00",113,12.91237,12.91237,0,30.19229,3.292032,194.3774,30.19473,3.28579
"2016-06-21 23:50:00",114,12.91243,12.91225,0,30.35279,3.298784,194.3786,30.306,3.294497
"2016-06-21 23:55:00",115,12.90721,12.90689,0,30.51474,3.312447,194.3801,30.4392,3.3063
"2016-06-22 00:00:00",116,12.90711,12.90702,0,30.59555,3.319264,194.3814,30.55781,3.315967
"2016-06-22 00:05:00",117,12.90198,12.90174,0,30.6762,3.326067,194.3814,30.6332,3.323005
"2016-06-22 00:10:00",118,12.90167,12.90167,0,30.83502,3.339465,194.3844,30.76346,3.333202
"2016-06-22 00:15:00",119,12.89598,12.89598,0,30.91684,3.346367,194.3797,30.85055,3.340775
"2016-06-22 00:20:00",120,12.89598,12.89584,0,30.99689,3.359908,194.3797,30.96313,3.350273
"2016-06-22 00:25:00",121,12.8904,12.8904,0,31.15625,3.366564,194.3807,31.08995,3.360631
"2016-06-22 00:30:00",122,12.89115,12.8904,0,31.23814,3.373472,194.3839,31.16385,3.367431
"2016-06-22 00:35:00",123,12.89139,12.89087,0,31.31861,3.380261,194.3864,31.2915,3.378313
"2016-06-22 00:40:00",124,12.88615,12.88599,0,31.48026,3.393898,194.3912,31.42088,3.389227
"2016-06-22 00:45:00",125,12.88629,12.88615,0,31.5611,3.400717,194.3935,31.4912,3.395046
"2016-06-22 00:50:00",126,12.88085,12.88078,0,31.63929,3.4141,194.3947,31.59898,3.403573
"2016-06-22 00:55:00",127,12.88067,12.88043,0,31.80041,3.420905,194.3915,31.72329,3.41406
"2016-06-22 01:00:00",128,12.88044,12.87493,0,31.79936,3.420817,194.3916,31.79994,3.420979
"2016-06-22 01:05:00",129,12.87516,12.87493,0,31.95951,3.434327,194.392,31.90933,3.430433
"2016-06-22 01:10:00",130,12.8695,12.8695,0,32.04207,3.441292,194.3903,32.01854,3.439533
"2016-06-22 01:15:00",131,12.86951,12.86914,0,32.12174,3.448012,194.3891,32.11544,3.447707
"2016-06-22 01:20:00",132,12.86942,12.86915,0,32.28273,3.461594,194.3894,32.20407,3.455297
"2016-06-22 01:25:00",133,12.86415,12.86391,0,32.36462,3.468502,194.392,32.32916,3.46585
"2016-06-22 01:30:00",134,12.85876,12.85876,0,32.44381,3.475182,194.394,32.42631,3.47348
"2016-06-22 01:35:00",135,12.85883,12.85878,0,32.60425,3.48193,194.4445,32.50397,3.480597
"2016-06-22 01:40:00",136,12.85886,12.85883,0,32.68518,3.495544,194.7923,32.63263,3.491111
"2016-06-22 01:45:00",137,12.85887,12.85886,0,32.76589,3.502352,196.678,32.72956,3.499966
"2016-06-22 01:50:00",138,12.85337,12.85336,0,32.8446,3.508992,199.5062,32.79201,3.504669
"2016-06-22 01:55:00",139,12.85337,12.85337,0,32.92604,3.515862,201.3421,32.89731,3.513892
"2016-06-22 02:00:00",140,12.84786,12.84786,0,33.08632,3.522596,203.426,33.01951,3.523522
"2016-06-22 02:05:00",141,12.84786,12.84786,0,33.1664,3.529352,205.113,33.08612,3.529367
"2016-06-22 02:10:00",142,12.84786,12.84786,0,33.24757,3.542987,206.2541,33.18645,3.537604
"2016-06-22 02:15:00",143,12.84235,12.84235,0,33.32776,3.549752,206.3037,33.28315,3.546554
"2016-06-22 02:20:00",144,12.84235,12.84235,0,33.4078,3.556504,206.3037,33.39595,3.555392
"2016-06-22 02:25:00",145,12.83684,12.83684,0,33.48804,3.563273,206.3037,33.45464,3.560682
"2016-06-22 02:30:00",146,12.83684,12.83684,0,33.65075,3.576999,206.3037,33.57194,3.570464
"2016-06-22 02:35:00",147,12.83684,12.83684,0,33.73022,3.583703,206.3037,33.67579,3.579451
"2016-06-22 02:40:00",148,12.83133,12.83133,0,33.81017,3.597235,206.3037,33.75143,3.586285
"2016-06-22 02:45:00",149,12.83133,12.83133,0,33.89013,3.597193,206.3037,33.89078,3.597248
"2016-06-22 02:50:00",150,12.83133,12.83133,0,34.0539,3.611009,206.3037,34.00584,3.606275
"2016-06-22 02:55:00",151,12.82582,12.82582,0,34.05341,3.610967,206.3037,34.05418,3.611032
"2016-06-22 03:00:00",152,12.82582,12.82582,0,34.13245,3.624423,206.3037,34.10537,3.615237
"2016-06-22 03:05:00",153,12.82031,12.82031,0,34.2941,3.631272,206.3037,34.2214,3.625366
"2016-06-22 03:10:00",154,12.82031,12.82031,0,34.37403,3.638015,206.3037,34.32513,3.633437
"2016-06-22 03:15:00",155,12.82031,12.82031,0,34.37437,3.638044,206.3037,34.37606,3.638187
"2016-06-22 03:20:00",156,12.8148,12.8148,0,34.53576,3.651658,206.3037,34.47117,3.646323
"2016-06-22 03:25:00",157,12.8148,12.8148,0,34.61552,3.658387,206.3037,34.575,3.655195
"2016-06-22 03:30:00",158,12.8148,12.8148,0,34.6947,3.665066,206.3037,34.66999,3.66253
"2016-06-22 03:35:00",159,12.8148,12.8148,0,34.77636,3.671956,206.3037,34.702,3.666135
"2016-06-22 03:40:00",160,12.8093,12.8093,0,34.85744,3.678795,206.3037,34.81828,3.675039
"2016-06-22 03:45:00",161,12.8093,12.8093,0,34.93629,3.685447,206.3037,34.90913,3.68293
"2016-06-22 03:50:00",162,12.8093,12.8093,0,35.01785,3.692327,206.3037,35.00112,3.690238
"2016-06-22 03:55:00",163,12.80379,12.80379,0,35.09792,3.699082,206.3037,35.0426,3.694642
"2016-06-22 04:00:00",164,12.80379,12.80379,0,35.17788,3.705828,206.3037,35.14861,3.703132
"2016-06-22 04:05:00",165,12.80379,12.80379,0,35.25904,3.712674,206.3037,35.24215,3.711249
"2016-06-22 04:10:00",166,12.79828,12.79828,0,35.3392,3.719436,206.3037,35.32676,3.718274
"2016-06-22 04:15:00",167,12.79828,12.79828,0,35.4192,3.726185,206.3037,35.37251,3.722359
"2016-06-22 04:20:00",168,12.79828,12.79277,0,35.49942,3.732953,206.3037,35.47542,3.730928
"2016-06-22 04:25:00",169,12.79277,12.79277,0,35.57829,3.739605,206.3037,35.56016,3.738189
"2016-06-22 04:30:00",170,12.79277,12.79277,0,35.6594,3.746448,206.3037,35.64434,3.745404
"2016-06-22 04:35:00",171,12.79277,12.79277,0,35.81944,3.753162,206.3037,35.69378,3.749009
"2016-06-22 04:40:00",172,12.78175,12.78175,0,35.81996,3.759993,206.3037,35.80416,3.758548
"2016-06-22 04:45:00",173,12.78175,12.78175,0,35.98079,3.766774,206.5022,35.87024,3.763896
"2016-06-22 04:50:00",174,12.78175,12.78175,0,35.98134,3.773607,206.9984,35.97038,3.772908
"2016-06-22 04:55:00",175,12.78175,12.78175,0,36.06086,3.780315,209.38,36.00628,3.775259
"2016-06-22 05:00:00",176,12.78175,12.77624,0,36.14235,3.78719,211.5135,36.09721,3.783381
"2016-06-22 05:05:00",177,12.78175,12.78175,0,36.2216,3.793876,212.8531,36.17781,3.790181
"2016-06-22 05:10:00",178,12.78726,12.78175,0,36.30263,3.800711,215.2347,36.2653,3.797562
"2016-06-22 05:15:00",179,12.79277,12.78726,0,36.30292,3.807523,216.9217,36.30598,3.80156
"2016-06-22 05:20:00",180,12.8093,12.79277,0,36.46453,3.814369,217.9636,36.39537,3.809213
"2016-06-22 05:25:00",181,12.83684,12.8093,0,36.54455,3.821119,218.1621,36.47932,3.816069
"2016-06-22 05:30:00",182,12.88092,12.83684,0,36.62656,3.828038,218.2117,36.56812,3.823447
"2016-06-22 05:35:00",183,12.92499,12.88092,0,36.62638,3.828022,218.2117,36.62725,3.828096
"2016-06-22 05:40:00",184,12.94703,12.92499,0,36.7853,3.841429,218.2117,36.70571,3.834602
"2016-06-22 05:45:00",185,12.94152,12.94152,0,36.86509,3.84816,218.2117,36.78768,3.841517
"2016-06-22 05:50:00",186,12.95805,12.94152,0,36.94519,3.854918,218.2117,36.86624,3.848483
"2016-06-22 05:55:00",187,12.96907,12.96356,0,36.94625,3.855007,218.2117,36.94185,3.854975
"2016-06-22 06:00:00",188,12.94152,12.94152,0,37.02742,3.868641,218.2117,36.99007,3.859269
"2016-06-22 06:05:00",189,12.93601,12.93601,0,37.10683,3.868553,218.2117,37.09666,3.867356
"2016-06-22 06:10:00",190,12.96907,12.93601,0,37.18674,3.875294,218.2117,37.15346,3.872374
"2016-06-22 06:15:00",191,12.96356,12.96356,0,37.26817,3.882164,218.2117,37.23835,3.879987
"2016-06-22 06:20:00",192,12.96907,12.96356,0,37.34927,3.882218,218.2117,37.27843,3.882464
"2016-06-22 06:25:00",193,13.06824,12.96907,0,37.42866,3.895703,218.2117,37.36619,3.890546
"2016-06-22 06:30:00",194,13.14537,13.06824,0,37.42936,3.902549,218.2117,37.43714,3.896645
"2016-06-22 06:35:00",195,13.12333,13.12333,0,37.50993,3.902558,218.2117,37.50637,3.902485
"2016-06-22 06:40:00",196,13.17291,13.12333,0,37.59049,3.909354,218.2117,37.58353,3.908428
"2016-06-22 06:45:00",197,13.2225,13.17291,0,37.6712,3.916163,218.2117,37.62955,3.91231
"2016-06-22 06:50:00",198,13.3437,13.2225,0,37.75153,3.92294,218.2117,37.72393,3.919933
"2016-06-22 06:55:00",199,13.43185,13.3437,0,37.8335,3.929855,218.2117,37.78333,3.925961
"2016-06-22 07:00:00",200,13.34921,13.34921,0,37.91176,3.936457,218.2117,37.85494,3.931664
"2016-06-22 07:05:00",201,13.32167,13.32167,0,37.91203,3.936479,218.2117,37.91241,3.936512
"2016-06-22 07:10:00",202,13.33269,13.32167,0,37.99421,3.943412,218.2117,37.96798,3.941878
"2016-06-22 07:15:00",203,13.33269,13.33269,0,38.0758,3.950295,218.2117,38.05478,3.948748
"2016-06-22 07:20:00",204,13.32167,13.32167,0,38.15452,3.956936,218.2117,38.12867,3.955094
"2016-06-22 07:25:00",205,13.40982,13.32167,0,38.23456,3.963688,218.2117,38.17897,3.958999
"2016-06-22 07:30:00",206,13.34297,13.34297,0,38.31538,3.963719,218.2063,38.2369,3.964451
"2016-06-22 07:35:00",207,13.29868,13.29844,0,38.31551,3.970517,218.2005,38.3125,3.970489
"2016-06-22 07:40:00",208,13.28233,13.28214,0,38.39711,3.984189,218.199,38.38036,3.975875
"2016-06-22 07:45:00",209,13.36975,13.27682,0,38.47713,3.984152,218.1972,38.46068,3.983216
"2016-06-22 07:50:00",210,13.40794,13.36424,0,38.55704,3.990893,218.1902,38.49561,3.985936
"2016-06-22 07:55:00",211,13.60074,13.40794,0,38.55989,3.991133,218.1911,38.55868,3.991031
"2016-06-22 08:00:00",212,13.54032,13.51804,0,38.639,3.997807,218.1895,38.60295,3.994539
"2016-06-22 08:05:00",213,13.43538,13.43538,0,38.72108,4.004731,218.1887,38.66536,4.000144
"2016-06-22 08:10:00",214,13.4077,13.4077,0,38.80134,4.011502,218.1861,38.73384,4.006147
"2016-06-22 08:15:00",215,13.38558,13.38558,0,38.80016,4.011402,218.1848,38.80051,4.011319
"2016-06-22 08:20:00",216,13.33597,13.33597,0,38.88052,4.018181,218.1842,38.861,4.016082
"2016-06-22 08:25:00",217,13.26986,13.26986,0,38.88105,4.025013,218.1839,38.89503,4.019745
"2016-06-22 08:30:00",218,13.23129,13.23129,0,38.96152,4.025014,218.3325,38.95878,4.025009
"2016-06-22 08:35:00",219,13.21476,13.21476,0,39.04355,4.031934,218.4317,39.03488,4.03109
"2016-06-22 08:40:00",220,13.20925,13.20925,0,39.12455,4.038767,218.9277,39.10952,4.037273
"2016-06-22 08:45:00",221,13.23128,13.20925,0,39.12482,4.045578,220.4656,39.13945,4.039911
"2016-06-22 08:50:00",222,13.26433,13.23128,0,39.20543,4.04559,222.4003,39.20672,4.045473
"2016-06-22 08:55:00",223,13.24781,13.24781,0,39.28598,4.052386,223.6901,39.26046,4.050799
"2016-06-22 09:00:00",224,13.25332,13.2423,0,39.36647,4.059176,225.0791,39.32354,4.055781
"2016-06-22 09:05:00",225,13.34145,13.25332,0,39.44695,4.065965,225.8233,39.41744,4.06291
"2016-06-22 09:10:00",226,13.67196,13.34145,0,39.44695,4.065966,227.4107,39.44963,4.066192
"2016-06-22 09:15:00",227,14.01348,13.61687,0,39.52742,4.072753,228.4525,39.51132,4.071509
"2016-06-22 09:20:00",228,14.13467,14.0245,0,39.60788,4.079541,229.3951,39.5663,4.076939
"2016-06-22 09:25:00",229,13.78213,13.7656,0,39.60788,4.079541,229.7423,39.61592,4.08022
"2016-06-22 09:30:00",230,14.50924,13.79315,0,39.76881,4.093117,230.0896,39.69237,4.086555
"2016-06-22 09:35:00",231,14.4817,14.44865,0,39.76881,4.093117,230.0896,39.76344,4.092891
"2016-06-22 09:40:00",232,14.48689,14.47019,0,39.84927,4.099905,230.0855,39.77417,4.093457
"2016-06-22 09:45:00",233,14.49224,14.43165,0,39.84927,4.099905,230.0825,39.83989,4.099226
"2016-06-22 09:50:00",234,13.7368,13.7368,0,39.92974,4.106693,230.0789,39.88414,4.103412
"2016-06-22 09:55:00",235,13.65964,13.61525,0,39.92974,4.106693,230.0708,39.93376,4.106806
"2016-06-22 10:00:00",236,14.46327,13.66514,0,40.09066,4.113481,230.069,40.00081,4.112236
"2016-06-22 10:05:00",237,14.44137,14.44137,0,40.09066,4.120269,230.0672,40.05982,4.118459
"2016-06-22 10:10:00",238,14.44097,14.44097,0,40.09066,4.120269,230.0647,40.09602,4.120495
"2016-06-22 10:15:00",239,14.44084,14.44084,0,40.17113,4.127057,230.062,40.15369,4.126378
"2016-06-22 10:20:00",240,14.43526,14.42429,0,40.25159,4.133845,230.0606,40.21404,4.13079
"2016-06-22 10:25:00",241,14.42972,14.38566,0,40.25159,4.133845,230.06,40.25159,4.133845
"2016-06-22 10:30:00",242,14.40767,14.40767,0,40.33206,4.14742,230.0596,40.29987,4.137804
"2016-06-22 10:35:00",243,14.40215,14.40215,0,40.41252,4.14742,230.0595,40.38167,4.144818
"2016-06-22 10:40:00",244,14.39114,13.93401,0,40.41252,4.14742,230.0594,40.41252,4.14742
"2016-06-22 10:45:00",245,14.37461,14.37461,0,40.49298,4.154208,230.0594,40.45275,4.150588
"2016-06-22 10:50:00",246,14.35258,14.35258,0,40.49298,4.160996,230.0594,40.49567,4.154435
"2016-06-22 10:55:00",247,14.34707,14.33606,0,40.57345,4.160996,230.0594,40.54126,4.158507
"2016-06-22 11:00:00",248,14.31954,14.31954,0,40.57345,4.160996,230.0594,40.57211,4.160996
"2016-06-22 11:05:00",249,14.30852,14.30852,0,40.65392,4.167784,230.0594,40.58954,4.16258
"2016-06-22 11:10:00",250,14.30301,14.29751,0,40.73438,4.174572,230.0594,40.71426,4.172875
"2016-06-22 11:15:00",251,14.28649,14.28649,0,40.73438,4.174572,230.0594,40.73572,4.174798
"2016-06-22 11:20:00",252,14.28098,14.27548,0,40.81484,4.18136,230.0594,40.784,4.179324
"2016-06-22 11:25:00",253,14.09373,14.08822,0,40.89531,4.188148,230.0594,40.82557,4.182718
"2016-06-22 11:30:00",254,14.26446,13.82937,0,40.89531,4.188148,230.0594,40.89262,4.187922
"2016-06-22 11:35:00",255,14.25895,14.25895,0,40.89531,4.188148,230.0594,40.89531,4.188148
"2016-06-22 11:40:00",256,14.25296,14.25296,0,40.97577,4.194936,230.0578,40.94627,4.192447
"2016-06-22 11:45:00",257,14.25286,14.21967,0,41.05623,4.201724,230.0534,41.04014,4.199687
"2016-06-22 11:50:00",258,14.18705,14.08775,0,41.05623,4.201724,230.0537,41.06025,4.202063
"2016-06-22 11:55:00",259,14.25329,14.19256,0,41.1367,4.208512,230.0566,41.11256,4.206249
"2016-06-22 12:00:00",260,14.25839,14.23677,0,41.1367,4.208512,230.0564,41.13938,4.208625
"2016-06-22 12:05:00",261,14.25872,13.99975,0,41.21716,4.2153,230.0548,41.189,4.21349
"2016-06-22 12:10:00",262,14.07709,13.97789,0,41.21716,4.2153,230.0572,41.21716,4.2153
"2016-06-22 12:15:00",263,14.26392,14.07709,0,41.29763,4.228876,230.0571,41.23996,4.217788
"2016-06-22 12:20:00",264,13.96678,13.84004,0,41.37809,4.228876,230.0547,41.362,4.227292
"2016-06-22 12:25:00",265,13.63649,13.63649,0,41.37809,4.228876,230.0571,41.37809,4.228876
"2016-06-22 12:30:00",266,13.88438,13.61999,0,41.45855,4.235663,230.0583,41.41027,4.231478
"2016-06-22 12:35:00",267,14.27544,13.91192,0,41.45855,4.235663,230.0589,41.45855,4.23555
"2016-06-22 12:40:00",268,14.27546,14.26444,0,41.53902,4.242451,230.0591,41.47062,4.237134
"2016-06-22 12:45:00",269,14.303,14.25343,0,41.53902,4.242451,230.0592,41.53231,4.242451
"2016-06-22 12:50:00",270,13.6366,13.6366,0,41.61948,4.249239,230.0593,41.5484,4.243356
"2016-06-22 12:55:00",271,13.55398,13.55398,0,41.61948,4.256027,230.0593,41.62082,4.249013
"2016-06-22 13:00:00",272,13.62558,13.54297,0,41.69995,4.256027,230.0593,41.68922,4.255461
"2016-06-22 13:05:00",273,13.65863,13.62558,0,41.69995,4.256027,230.0593,41.70129,4.256593
"2016-06-22 13:10:00",274,13.69167,13.66413,0,41.78041,4.262815,230.0593,41.76834,4.26157
"2016-06-22 13:15:00",275,13.49891,13.49891,0,41.78041,4.262815,230.0593,41.78041,4.262815
"2016-06-22 13:20:00",276,13.48239,13.45485,0,41.86087,4.269603,230.0593,41.83003,4.266549
"2016-06-22 13:25:00",277,13.72472,13.48239,0,41.86087,4.269603,230.0593,41.86087,4.269603
"2016-06-22 13:30:00",278,13.73573,13.73022,0,41.94134,4.276391,230.0593,41.86758,4.270056
"2016-06-22 13:35:00",279,13.73022,13.73022,0,42.0218,4.283179,230.0593,41.96682,4.279219
