"TOA5","PO-03","CR800","2656","CR800.Std.04","CPU:F2_XM20170222.CR8","21158","F2_XM20170222"
"TIMESTAMP","RECORD","Bat_Volt","Bat_Volt_Min","Temp_Int","Pression_bridge","Pression_bridge_v","Pression_bridge_Avg","Pression_bridge_v_Avg","CH4","Ptot","CH4_v","Ptot_v","CH4_Avg","Ptot_Avg","CH4_v_Avg","Ptot_v_Avg"
"TS","RN","volt","volt","DegC","psi","millivolt","psi","millivolt","%","mbar","volt","volt","%","mbar","volt","volt"
"","","Smp","Min","Smp","Smp","Smp","Avg","Avg","Smp","Smp","Smp","Smp","Avg","Avg","Avg","Avg"
"2017-02-22 12:30:00",0,14.88697,13.09431,0,0,0,0,0,18.07423,2146.089,0.9114444,4.662127,18.0905,2132.836,0.9113308,4.637263
"2017-02-22 13:00:00",1,14.38927,13.10569,0,0,0,0,0,103.7472,2162.202,5.094007,4.695505,46.67374,2157.298,2.171549,4.682903
"2017-02-22 13:30:00",2,13.89893,13.36054,0,0,0,0,0,103.7612,2180.767,5.095369,4.730247,103.7868,2174.053,5.096732,4.716509
"2017-02-22 14:00:00",3,13.78236,12.9553,0,0,0,0,0,103.7612,2190.575,5.095369,4.748639,103.7937,2188.007,5.096504,4.742962
"2017-02-22 14:30:00",4,12.76658,12.73883,0,0,0,0,0,103.8449,2196.53,5.098775,4.761581,103.8332,2195.129,5.098661,4.758175
"2017-02-22 15:00:00",5,13.06703,12.77782,0,0,0,0,0,103.817,2197.931,5.098094,4.763625,103.8193,2197.406,5.09798,4.762376
"2017-02-22 15:30:00",6,13.0779,12.86161,0,0,0,0,0,103.7891,2198.282,5.09605,4.762944,103.8054,2198.398,5.097299,4.763625
"2017-02-22 16:00:00",7,12.43364,12.1781,0,0,0,0,0,103.8449,2200.033,5.099456,4.76635,103.8263,2199.216,5.098434,4.765214
"2017-02-22 16:30:00",8,11.90812,11.90812,0,0,0,0,0,103.9007,2201.084,5.1015,4.769075,103.8727,2200.383,5.100364,4.767599
"2017-02-22 17:00:00",9,12.15807,11.88604,0,0,0,0,0,103.8588,2198.632,5.100819,4.76635,103.8727,2199.625,5.100591,4.767258
"2017-02-22 17:30:00",10,11.63067,11.63067,0,0,0,0,0,103.9007,2198.282,5.103543,4.764307,103.889,2198.632,5.101386,4.76476
"2017-02-22 18:00:00",11,11.40891,11.40891,0,0,0,0,0,103.9285,2196.881,5.103543,4.761581,103.9123,2197.289,5.102748,4.76249
"2017-02-22 18:30:00",12,11.26237,11.26237,0,0,0,0,0,103.9314,2195.546,5.103682,4.759667,103.9244,2196.191,5.103566,4.760354
"2017-02-22 19:00:00",13,11.15148,11.15148,0,0,0,0,0,103.964,2195.26,5.105277,4.757747,103.9564,2195.835,5.105015,4.758525
"2017-02-22 19:30:00",14,11.04939,11.04939,0,0,0,0,0,103.992,2193.86,5.106644,4.756388,103.9827,2194.385,5.106189,4.756956
"2017-02-22 20:00:00",15,10.84418,10.84418,0,0,0,0,0,104.1384,2195.772,5.113112,4.758745,104.049,2194.003,5.108857,4.755872
"2017-02-22 20:30:00",16,9.73427,9.677541,0,0,0,0,0,104.8781,2212.198,5.150602,4.790688,104.6314,2206.546,5.138102,4.780263
"2017-02-23 11:30:00",17,15.32256,14.63424,0,0,0,0,0,72.77219,577.8579,3.926431,3.475478,56.58873,1146.092,3.558992,3.549728
"2017-02-23 12:00:00",18,14.75069,14.11225,0,0,0,0,0,104.2772,2066.924,5.121254,4.509538,104.3865,2078.134,5.125228,4.529179
"2017-02-23 12:30:00",19,15.94429,12.66883,0,0,0,0,0,103.803,2037.5,5.098094,4.451636,103.982,2048.067,5.108539,4.475478
"2017-02-23 13:00:00",20,18.12895,14.70073,0,0,0,0,0,103.7472,2022.088,5.095369,4.420982,103.81,2028.801,5.097753,4.43472
"2017-02-23 13:30:00",21,18.29752,16.74412,0,0,0,0,0,103.7432,2010.139,5.094492,4.399788,103.7598,2015.177,5.095076,4.407998
"2017-02-23 14:00:00",22,12.224,12.224,0,0,0,0,0,104.0689,2008.244,5.10972,4.396102,103.8492,2006.798,5.099668,4.392384
"2017-02-23 14:30:00",23,14.23498,11.44717,0,0,0,0,0,103.7585,1991.206,5.094559,4.362969,104.0503,2003.106,5.109376,4.384977
"2017-02-23 15:00:00",24,11.35807,11.35807,0,0,0,0,0,104.0959,1994.064,5.111716,4.365122,103.9632,1993.477,5.104669,4.364661
"2017-02-23 15:30:00",25,10.537,10.537,0,0,0,0,0,104.1656,1988.459,5.115803,4.35831,104.1377,1990.561,5.1141,4.361148
"2017-02-23 16:00:00",26,11.62512,10.45927,0,0,0,0,0,104.1098,1981.804,5.112397,4.344686,104.154,1984.84,5.1141,4.349908
"2017-02-23 16:30:00",27,11.16988,10.40376,0,0,0,0,0,104.1795,1977.601,5.115122,4.335149,104.1795,1979.469,5.115689,4.338896
"2017-02-23 17:00:00",28,11.08713,10.58141,0,0,0,0,0,104.1656,1973.397,5.115122,4.325612,104.1702,1974.214,5.115349,4.329018
"2017-02-23 17:30:00",29,10.50074,10.37271,0,0,0,0,0,104.2493,1971.646,5.119209,4.322206,104.2167,1971.646,5.11796,4.323455
"2017-02-23 18:00:00",30,10.18411,10.14577,0,0,0,0,0,104.4725,1972.698,5.130112,4.325615,104.3519,1971.128,5.123882,4.322448
"2017-02-24 09:00:00",31,12.17193,12.16637,0,0,0,0,0,-0.4186719,-137.7068,0.01022424,0.2406104,"NAN","NAN","NAN","NAN"
"2017-02-24 09:30:00",32,13.00524,11.73305,0,0,0,0,0,104.0718,1921.102,5.111221,4.224595,"NAN","NAN","NAN","NAN"
"2017-02-24 10:00:00",33,13.2719,12.98302,0,0,0,0,0,103.755,1913.539,5.095749,4.211932,103.84,1916.242,5.099786,4.215484
"2017-02-24 10:30:00",34,12.96762,12.96762,0,0,0,0,0,103.9502,1919.844,5.10392,4.220785,103.8246,1916.748,5.098582,4.215674
"2017-02-24 11:00:00",35,13.85605,12.83423,0,0,0,0,0,103.7275,1916.059,5.094403,4.216151,103.777,1916.502,5.096142,4.216444
"2017-02-24 11:30:00",36,14.69234,14.18371,0,0,0,0,0,103.7195,1916.303,5.094012,4.215264,103.7119,1916.037,5.0933,4.2152
"2017-02-24 12:00:00",37,14.12891,14.12891,0,0,0,0,0,103.7472,1917.352,5.094688,4.218666,103.7286,1917.119,5.094007,4.217417
"2017-02-24 12:30:00",38,13.01858,13.01858,0,0,0,0,0,103.803,1920.505,5.097413,4.224115,103.7868,1919.687,5.096164,4.222185
"2017-02-24 13:00:00",39,13.51268,13.51268,0,0,0,0,0,103.7891,1921.906,5.095369,4.226159,103.7496,1920.038,5.094688,4.223775
"2017-02-24 13:30:00",40,12.78513,12.56317,0,0,0,0,0,103.8309,1924.008,5.098094,4.231609,103.7868,1922.373,5.095936,4.227635
"2017-02-24 14:00:00",41,13.14523,12.80083,0,0,0,0,0,103.817,1924.358,5.098094,4.231609,103.817,1925,5.098094,4.232176
"2017-02-24 14:30:00",42,12.235,12.19115,0,0,0,0,0,103.9007,1928.912,5.100819,4.239102,103.8472,1926.868,5.099116,4.235923
"2017-02-24 15:00:00",43,11.95266,11.77495,0,0,0,0,0,103.9007,1929.962,5.102862,4.242508,103.9123,1929.729,5.102635,4.2416
"2017-02-24 15:30:00",44,12.16362,11.73615,0,0,0,0,0,103.8728,1930.663,5.100819,4.245914,103.903,1930.78,5.102408,4.244324
"2017-02-24 16:00:00",45,12.05814,12.01928,0,0,0,0,0,103.8728,1932.415,5.100819,4.246595,103.8797,1931.655,5.100705,4.24546
"2017-02-24 16:30:00",46,11.74757,11.73615,0,0,0,0,0,103.8867,1933.115,5.100819,4.247957,103.8983,1932.765,5.102181,4.248071
"2017-02-24 17:00:00",47,11.60585,11.51107,0,0,0,0,0,103.9007,1934.516,5.102181,4.251363,103.8983,1934.049,5.102181,4.250001
"2017-02-24 17:30:00",48,11.3958,11.37908,0,0,0,0,0,103.9189,1937,5.104434,4.254149,103.9144,1935.602,5.103079,4.253247
"2017-02-24 18:00:00",49,11.30142,11.30142,0,0,0,0,0,103.9616,1938.012,5.10516,4.25748,103.9377,1936.965,5.104329,4.256352
"2017-02-24 18:30:00",50,11.26255,11.26255,0,0,0,0,0,103.9362,1938.765,5.104599,4.259625,103.947,1938.396,5.104671,4.259022
"2017-02-24 19:00:00",51,11.22923,11.22923,0,0,0,0,0,103.9502,1939.466,5.104599,4.260306,103.9571,1939.173,5.10494,4.260079
"2017-02-24 19:30:00",52,11.20745,11.20741,0,0,0,0,0,103.9641,1940.867,5.104599,4.263714,103.9618,1940.4,5.105167,4.261896
"2017-02-24 20:00:00",53,11.18108,11.18108,0,0,0,0,0,103.9502,1941.218,5.104599,4.264395,103.9595,1940.925,5.10494,4.264395
"2017-02-24 20:30:00",54,11.15843,11.15843,0,0,0,0,0,103.9641,1942.97,5.105281,4.266439,103.9571,1942.152,5.105281,4.265758
"2017-02-24 21:00:00",55,11.13854,11.13838,0,0,0,0,0,103.9502,1943.32,5.105281,4.268484,103.9618,1943.378,5.105053,4.268029
"2017-02-24 21:30:00",56,11.11084,11.11084,0,0,0,0,0,103.9682,1944.106,5.105479,4.26865,103.9627,1943.515,5.105326,4.269203
"2017-02-24 22:00:00",57,11.08862,11.08862,0,0,0,0,0,103.9795,1944.694,5.105349,4.271155,103.9688,1944.285,5.105396,4.27036
"2017-02-24 22:30:00",58,11.0664,11.0664,0,0,0,0,0,103.96,1945.278,5.105759,4.272291,103.9706,1945.375,5.105598,4.271797
"2017-02-24 23:00:00",59,11.04417,11.04417,0,0,0,0,0,103.9811,1946.83,5.10611,4.274629,103.9741,1946.09,5.106109,4.274097
"2017-02-24 23:30:00",60,11.0164,11.0164,0,0,0,0,0,104.0042,1947.725,5.10724,4.27705,103.9865,1947.196,5.106371,4.27534
"2017-02-25 00:00:00",61,10.9901,10.9901,0,0,0,0,0,104.0276,1948.975,5.10702,4.278118,104.0126,1948.603,5.10731,4.277848
"2017-02-25 00:30:00",62,10.95848,10.95848,0,0,0,0,0,104.0695,1951.078,5.110428,4.282207,104.0416,1949.793,5.108951,4.280504
"2017-02-25 01:00:00",63,10.90343,10.90343,0,0,0,0,0,104.223,1955.986,5.117927,4.291751,104.1556,1953.181,5.114177,4.286866
"2017-02-25 01:30:00",64,10.69196,10.69196,0,0,0,0,0,104.4742,1961.594,5.130878,4.303339,104.3975,1959.724,5.126447,4.299931
"2017-02-25 02:00:00",65,10.04752,10.04752,0,0,0,0,0,104.5021,1963.347,5.132242,4.305384,104.4812,1962.178,5.13031,4.304816
"2017-02-25 09:00:00",66,9.550291,9.550291,0,0,0,0,0,20.4355,107.7365,1.121548,0.8461041,24.44874,231.6737,1.149508,1.03224
"2017-02-25 09:30:00",67,11.14966,9.867372,0,0,0,0,0,1.828271,897.063,0.1172473,2.278143,5.269063,608.7966,0.2796299,1.720168
"2017-02-25 10:00:00",68,11.52032,11.18744,0,0,0,0,0,104.1393,1951.78,5.113157,4.283572,36.02963,1293.204,2.275847,3.043743
"2017-02-25 10:30:00",69,12.10384,11.4314,0,0,0,0,0,103.8881,1945.12,5.101568,4.271984,104.023,1948.801,5.108271,4.277892
"2017-02-25 11:00:00",70,11.88154,11.88154,0,0,0,0,0,103.8881,1946.172,5.10225,4.272666,103.8881,1945.646,5.101568,4.272666
"2017-02-25 11:30:00",71,12.09047,12.04826,0,0,0,0,0,103.8881,1945.821,5.101568,4.272666,103.8602,1945.179,5.099978,4.271871
"2017-02-25 12:00:00",72,11.97194,11.67225,0,0,0,0,0,103.8851,1946.46,5.100742,4.273908,103.9019,1946.703,5.102242,4.274836
"2017-02-25 12:30:00",73,11.66083,11.66083,0,0,0,0,0,103.9076,1947.747,5.101839,4.277774,103.904,1947.136,5.101776,4.276472
"2017-02-25 13:00:00",74,11.65527,11.65527,0,0,0,0,0,103.9041,1948.375,5.102351,4.277632,103.8944,1947.841,5.101878,4.27648
"2017-02-25 13:30:00",75,11.54972,11.54972,0,0,0,0,0,103.9173,1948.708,5.103675,4.278963,103.917,1948.643,5.102637,4.27929
"2017-02-25 14:00:00",76,11.91638,11.56639,0,0,0,0,0,103.8727,1948.301,5.100816,4.279532,103.8986,1948.832,5.101851,4.279316
"2017-02-25 14:30:00",77,12.27748,12.27748,0,0,0,0,0,103.8573,1947.977,5.100066,4.276859,103.8318,1947.308,5.099161,4.276579
"2017-02-25 15:00:00",78,12.89413,12.06082,0,0,0,0,0,103.8477,1948.067,5.099593,4.277034,103.857,1948.594,5.100163,4.27749
"2017-02-25 15:30:00",79,12.54414,12.06082,0,0,0,0,0,103.8587,1948.706,5.10013,4.279639,103.8591,1948.782,5.099695,4.278765
"2017-02-25 16:00:00",80,11.99971,11.8886,0,0,0,0,0,103.8533,1949.994,5.100548,4.28078,103.858,1949.811,5.100439,4.280426
"2017-02-25 16:30:00",81,11.82194,11.82194,0,0,0,0,0,103.8863,1950.102,5.10148,4.282354,103.8641,1949.967,5.100622,4.281411
"2017-02-25 17:00:00",82,11.73305,11.64972,0,0,0,0,0,103.8808,1950.687,5.101212,4.282129,103.8817,1950.646,5.101367,4.282618
"2017-02-25 17:30:00",83,11.68305,11.68305,0,0,0,0,0,103.909,1950.692,5.101224,4.284184,103.8835,1950.81,5.101114,4.283164
"2017-02-25 18:00:00",84,11.3775,11.3775,0,0,0,0,0,103.9112,1952.141,5.102696,4.284956,103.8952,1951.455,5.101914,4.284758
"2017-02-25 18:30:00",85,11.31084,11.31084,0,0,0,0,0,103.9398,1952.156,5.102731,4.286348,103.9145,1952.112,5.102515,4.285581
"2017-02-25 19:00:00",86,11.27751,11.27751,0,0,0,0,0,103.9098,1952.462,5.103309,4.287625,103.9111,1952.207,5.10292,4.286562
"2017-02-25 19:30:00",87,11.24973,11.24973,0,0,0,0,0,103.9363,1952.782,5.102557,4.286202,103.9294,1952.842,5.103583,4.28666
"2017-02-25 20:00:00",88,11.22195,11.22195,0,0,0,0,0,103.9363,1953.132,5.104601,4.288247,103.9316,1953.074,5.103693,4.287451
"2017-02-25 20:30:00",89,11.20529,11.20529,0,0,0,0,0,103.9363,1953.482,5.10392,4.288928,103.9409,1953.366,5.103579,4.28836
"2017-02-25 21:00:00",90,11.17751,11.17751,0,0,0,0,0,103.9642,1954.183,5.104601,4.289609,103.9409,1953.95,5.104601,4.289042
"2017-02-25 21:30:00",91,11.15529,11.15529,0,0,0,0,0,103.9642,1954.183,5.105283,4.288928,103.9572,1954.183,5.104601,4.289268
"2017-02-25 22:00:00",92,11.13306,11.13306,0,0,0,0,0,103.9502,1954.183,5.105283,4.291654,103.9618,1954.534,5.105283,4.290291
"2017-02-25 22:30:00",93,11.09595,11.09595,0,0,0,0,0,103.9921,1955.935,5.106646,4.293016,103.9711,1955.41,5.105737,4.291994
"2017-02-25 23:00:00",94,11.03486,11.03486,0,0,0,0,0,104.0164,1957.318,5.107836,4.293662,104.0189,1956.69,5.107955,4.29369
"2017-02-25 23:30:00",95,10.97377,10.97377,0,0,0,0,0,104.1863,1961.168,5.114769,4.303193,104.0913,1958.751,5.111267,4.297925
"2017-02-26 00:00:00",96,10.6463,10.6463,0,0,0,0,0,96.1096,1857.821,4.834753,4.192163,103.206,1953.539,5.08563,4.301644
"2017-02-26 09:00:00",97,10.60884,9.745871,0,0,0,0,0,1.423499,870.0468,0.1104281,2.204473,6.234506,570.9318,0.3839726,1.603563
"2017-02-26 09:30:00",98,11.1313,10.5922,0,0,0,0,0,104.0695,1953.883,5.109065,4.285616,52.83024,1424.997,2.742557,3.267662
"2017-02-26 10:00:00",99,12.23837,11.59256,0,0,0,0,0,103.8323,1947.924,5.097476,4.277436,103.9137,1950.027,5.102703,4.281071
"2017-02-26 10:30:00",100,13.08755,12.07185,0,0,0,0,0,103.7625,1946.873,5.094752,4.275393,103.8097,1947.88,5.097739,4.276784
"2017-02-26 11:00:00",101,12.59288,11.91489,0,0,0,0,0,103.7904,1947.925,5.096797,4.276756,103.8183,1948.158,5.097819,4.277778
"2017-02-26 11:30:00",102,12.02304,12.02304,0,0,0,0,0,103.8742,1949.677,5.100205,4.280846,103.8253,1948.918,5.097365,4.278346
"2017-02-26 12:00:00",103,13.58672,11.91842,0,0,0,0,0,103.728,1946.916,5.09443,4.275475,103.7863,1947.773,5.096708,4.277484
"2017-02-26 12:30:00",104,13.88135,13.36435,0,0,0,0,0,103.7498,1947.137,5.094812,4.275906,103.7566,1947.406,5.094916,4.27643
"2017-02-26 13:00:00",105,13.92027,12.90293,0,0,0,0,0,103.756,1947.97,5.095118,4.276844,103.7734,1948.186,5.095737,4.278287
"2017-02-26 13:30:00",106,13.33655,12.76395,0,0,0,0,0,103.7841,1948.674,5.096488,4.279577,103.7841,1948.966,5.096488,4.279235
"2017-02-26 14:00:00",107,13.23093,12.30254,0,0,0,0,0,103.7562,1948.674,5.095124,4.278895,103.7771,1949.024,5.09626,4.279577
"2017-02-26 14:30:00",108,12.43596,12.22471,0,0,0,0,0,103.812,1950.427,5.097851,4.281622,103.7934,1949.55,5.096942,4.280372
"2017-02-26 15:00:00",109,12.34701,12.18023,0,0,0,0,0,103.8399,1950.778,5.098533,4.282986,103.826,1950.719,5.098533,4.282191
"2017-02-26 15:30:00",110,13.4255,12.33033,0,0,0,0,0,103.7841,1949.375,5.096488,4.280941,103.8027,1950.193,5.097283,4.282531
"2017-02-26 16:00:00",111,12.63053,12.59718,0,0,0,0,0,103.812,1950.778,5.097851,4.282304,103.805,1950.602,5.097396,4.282304
"2017-02-26 16:30:00",112,12.41928,12.41928,0,0,0,0,0,103.812,1951.479,5.097851,4.285032,103.812,1951.187,5.097851,4.283668
"2017-02-26 17:00:00",113,12.29142,12.29142,0,0,0,0,0,103.812,1951.479,5.099215,4.285032,103.819,1951.537,5.09842,4.284577
"2017-02-26 17:30:00",114,12.01346,12.01346,0,0,0,0,0,103.8399,1952.531,5.099897,4.285714,103.8423,1952.122,5.099329,4.285145
"2017-02-26 18:00:00",115,11.76521,11.76521,0,0,0,0,0,103.8679,1952.882,5.100579,4.286396,103.8679,1952.648,5.100238,4.286168
"2017-02-26 18:30:00",116,11.64472,11.64472,0,0,0,0,0,103.9028,1953.619,5.101602,4.289193,103.8896,1953.34,5.101526,4.288311
"2017-02-26 19:00:00",117,11.5913,11.5913,0,0,0,0,0,103.9035,1954.335,5.102318,4.287858,103.8988,1953.925,5.101975,4.288538
"2017-02-26 19:30:00",118,11.57662,11.57662,0,0,0,0,0,103.8755,1954.335,5.100272,4.287858,103.8779,1953.809,5.10084,4.287971
"2017-02-26 20:00:00",119,11.56289,11.56171,0,0,0,0,0,103.8575,1953.842,5.100073,4.288263,103.8661,1953.797,5.100722,4.288063
"2017-02-26 20:30:00",120,11.54719,11.54719,0,0,0,0,0,103.8832,1955.087,5.101327,4.290001,103.8817,1954.83,5.10114,4.290071
"2017-02-26 21:00:00",121,11.53645,11.53645,0,0,0,0,0,103.8832,1954.737,5.101329,4.290685,103.8832,1954.854,5.101329,4.290798
"2017-02-26 21:30:00",122,11.52572,11.52572,0,0,0,0,0,103.8972,1955.087,5.102012,4.291367,103.8879,1955.029,5.101443,4.291026
"2017-02-26 22:00:00",123,11.51957,11.51957,0,0,0,0,0,103.995,1957.193,5.106788,4.296144,103.9391,1955.789,5.10349,4.292845
"2017-02-26 22:30:00",124,11.26895,11.26895,0,0,0,0,0,104.3023,1965.965,5.1218,4.31252,104.2627,1964.503,5.119184,4.309563
"2017-02-26 23:00:00",125,10.33973,10.33973,0,0,0,0,0,104.2884,1964.912,5.120435,4.310473,104.2907,1965.322,5.121345,4.310586
"2017-02-26 23:30:00",126,9.862273,9.862273,0,0,0,0,0,104.2744,1964.912,5.120435,4.310473,104.2721,1964.971,5.120321,4.309904
"2017-02-27 00:00:00",127,9.695731,9.695731,0,0,0,0,0,104.2744,1964.912,5.120435,4.311155,104.2744,1964.971,5.120321,4.310928
"2017-02-27 00:30:00",128,9.617809,9.617809,0,0,0,0,0,104.3303,1967.018,5.123165,4.315249,104.307,1966.257,5.122255,4.313088
"2017-02-27 01:00:00",129,9.561547,9.561547,0,0,0,0,0,104.4839,1970.526,5.129988,4.322073,104.4164,1968.947,5.127372,4.31832
"2017-02-27 01:30:00",130,9.365495,9.365495,0,0,0,0,0,98.86525,1936.826,4.948335,4.324762,103.7442,1970.44,5.108524,4.331228
"2017-02-27 08:30:00",131,11.3867,10.76447,0,0,0,0,0,100.1543,1932.194,5.157177,4.338902,35.37664,759.9897,1.769974,2.282532
"2017-02-27 09:00:00",132,11.62989,10.9188,0,0,0,0,0,101.341,1932.895,5.152404,4.335493,90.78436,1694.223,4.667803,3.974884
"2017-02-27 09:30:00",133,12.08573,11.73551,0,0,0,0,0,103.9038,1948.956,5.101654,4.278762,104.2732,1958.765,5.117197,4.296586
"2017-02-27 10:00:00",134,12.23727,12.10797,0,0,0,0,0,103.8323,1948.275,5.098842,4.278119,103.8356,1948.179,5.099232,4.277706
"2017-02-27 10:30:00",135,12.58331,12.26501,0,0,0,0,0,103.7708,1946.81,5.095157,4.275952,103.8128,1947.632,5.097889,4.277324
"2017-02-27 11:00:00",136,12.457,12.38014,0,0,0,0,0,103.8246,1948.577,5.098468,4.278025,103.7865,1947.613,5.097059,4.276605
"2017-02-27 11:30:00",137,12.57874,12.3455,0,0,0,0,0,103.7927,1947.903,5.096908,4.278078,103.7965,1947.859,5.097207,4.277993
"2017-02-27 12:00:00",138,12.7721,12.75005,0,0,0,0,0,103.7891,1948.528,5.096732,4.27793,103.7754,1948.124,5.096061,4.277144
"2017-02-27 12:30:00",139,12.44328,12.44328,0,0,0,0,0,103.817,1948.528,5.098094,4.279293,103.7798,1948.002,5.096164,4.278157
"2017-02-27 13:00:00",140,12.54893,12.33246,0,0,0,0,0,103.7891,1949.228,5.09605,4.279293,103.7868,1948.936,5.096391,4.278725
"2017-02-27 13:30:00",141,12.4207,12.4207,0,0,0,0,0,103.817,1949.228,5.098094,4.280655,103.7775,1948.644,5.09605,4.279293
"2017-02-27 14:00:00",142,14.2346,12.32655,0,0,0,0,0,103.7333,1948.528,5.094007,4.27793,103.7519,1948.294,5.095142,4.278271
"2017-02-27 14:30:00",143,12.26356,12.26356,0,0,0,0,0,103.817,1949.929,5.098094,4.281336,103.81,1949.812,5.097526,4.280655
"2017-02-27 15:00:00",144,12.20249,12.20249,0,0,0,0,0,103.817,1951.33,5.098094,4.28338,103.817,1950.746,5.098094,4.283152
"2017-02-27 15:30:00",145,12.09825,12.09825,0,0,0,0,0,103.817,1951.33,5.098094,4.28338,103.817,1951.213,5.098094,4.28338
"2017-02-27 16:00:00",146,12.08351,12.08351,0,0,0,0,0,103.817,1951.33,5.098094,4.284061,103.817,1951.33,5.098094,4.283607
"2017-02-27 16:30:00",147,12.0789,12.06741,0,0,0,0,0,103.826,1951.521,5.098535,4.285113,103.8194,1951.382,5.098215,4.28473
"2017-02-27 17:00:00",148,12.15111,12.11779,0,0,0,0,0,103.8494,1952.014,5.099676,4.286072,103.8424,1951.808,5.099335,4.285331
"2017-02-27 17:30:00",149,11.99006,11.99006,0,0,0,0,0,103.8525,1952.431,5.099829,4.286882,103.8523,1952.134,5.09982,4.286079
"2017-02-27 18:00:00",150,11.897,11.897,0,0,0,0,0,103.8525,1952.781,5.099829,4.286201,103.8525,1952.664,5.099829,4.286655
"2017-02-27 18:30:00",151,11.74415,11.74415,0,0,0,0,0,103.8525,1953.131,5.099829,4.287564,103.8525,1952.723,5.099829,4.287223
"2017-02-27 19:00:00",152,11.68305,11.68305,0,0,0,0,0,103.8753,1953.262,5.100943,4.287137,103.8601,1952.94,5.100198,4.287305
"2017-02-27 19:30:00",153,11.65921,11.65921,0,0,0,0,0,103.8741,1954.233,5.101567,4.288342,103.8849,1953.807,5.101413,4.288082
"2017-02-27 20:00:00",154,11.64086,11.64086,0,0,0,0,0,103.8844,1954.044,5.101387,4.288656,103.8707,1953.832,5.100719,4.288585
"2017-02-27 20:30:00",155,11.62987,11.62987,0,0,0,0,0,103.8679,1954.284,5.101261,4.290487,103.8853,1954.259,5.101545,4.289643
"2017-02-27 21:00:00",156,11.6144,11.61391,0,0,0,0,0,103.8679,1954.635,5.100579,4.290487,103.8702,1954.343,5.100692,4.290146
"2017-02-27 21:30:00",157,11.59871,11.59871,0,0,0,0,0,103.8947,1955.201,5.101888,4.291588,103.8756,1954.623,5.100956,4.290804
"2017-02-27 22:00:00",158,11.58933,11.58929,0,0,0,0,0,103.9035,1955.036,5.102318,4.291268,103.9029,1955.142,5.102292,4.291586
"2017-02-27 22:30:00",159,11.58005,11.57971,0,0,0,0,0,103.8895,1955.036,5.102318,4.290586,103.8988,1955.036,5.102205,4.291268
"2017-02-27 23:00:00",160,11.57622,11.57535,0,0,0,0,0,103.8755,1955.036,5.101636,4.291268,103.8848,1955.036,5.101636,4.291154
"2017-02-27 23:30:00",161,11.5655,11.5655,0,0,0,0,0,103.8755,1955.036,5.100954,4.29195,103.8755,1955.036,5.100954,4.291723
"2017-02-28 00:00:00",162,11.56063,11.56063,0,0,0,0,0,103.8755,1955.036,5.100954,4.29195,103.8755,1955.095,5.100954,4.29195
"2017-02-28 00:30:00",163,11.56179,11.56063,0,0,0,0,0,103.8755,1955.387,5.09959,4.29195,103.8755,1955.153,5.100727,4.291836
"2017-02-28 01:00:00",164,11.55777,11.55742,0,0,0,0,0,103.8937,1955.419,5.101839,4.292695,103.8708,1955.241,5.101065,4.292007
"2017-02-28 01:30:00",165,11.55275,11.55275,0,0,0,0,0,103.8831,1955.788,5.101326,4.292729,103.8867,1955.716,5.101388,4.292476
"2017-02-28 02:00:00",166,11.55275,11.55275,0,0,0,0,0,103.8832,1955.789,5.102012,4.293414,103.8855,1955.848,5.101443,4.292959
"2017-02-28 02:30:00",167,11.54915,11.5479,0,0,0,0,0,103.9391,1957.193,5.104059,4.296144,103.9112,1956.608,5.102921,4.294551
"2017-02-28 03:00:00",168,11.53247,11.53247,0,0,0,0,0,104.3442,1967.368,5.1218,4.315249,104.0881,1961.345,5.110541,4.303195
"2017-02-28 03:30:00",169,11.19482,11.19482,0,0,0,0,0,104.2744,1966.316,5.120435,4.31252,104.307,1966.725,5.122255,4.313998
"2017-02-28 04:00:00",170,9.847693,9.847693,0,0,0,0,0,104.2464,1965.614,5.119071,4.311155,104.2581,1966.199,5.119753,4.312065
"2017-02-28 04:30:00",171,9.675121,9.675121,0,0,0,0,0,104.2555,1965.806,5.119514,4.311529,104.2564,1965.902,5.119331,4.311375
"2017-02-28 05:00:00",172,9.647922,9.647922,0,0,0,0,0,104.2869,1966.877,5.121049,4.313612,104.2806,1966.733,5.120283,4.312649
"2017-02-28 05:30:00",173,9.621086,9.621086,0,0,0,0,0,104.3512,1968.458,5.123505,4.316004,104.3296,1967.859,5.122902,4.315293
"2017-02-28 06:00:00",174,9.576555,9.576555,0,0,0,0,0,104.5058,1972.339,5.130375,4.323549,104.4335,1970.64,5.127527,4.319791
"2017-02-28 06:30:00",175,9.387251,9.387251,0,0,0,0,0,104.981,1984.624,5.154266,4.346757,104.7714,1979.417,5.143572,4.336632
"2017-02-28 08:00:00",176,9.949685,9.810671,0,0,0,0,0,89.07744,1722.424,4.484642,3.911263,91.42057,1777.532,4.575881,4.002048
"2017-02-28 08:30:00",177,10.84601,10.01645,0,0,0,0,0,104.9266,1982.198,5.148878,4.339993,98.09448,1878.229,4.913921,4.196849
"2017-02-28 09:00:00",178,12.1433,11.02975,0,0,0,0,0,104.2543,1964.968,5.119456,4.311264,104.4827,1971.114,5.127995,4.320372
"2017-02-28 09:30:00",179,12.41959,12.19341,0,0,0,0,0,103.8026,1954.452,5.097389,4.288767,104.0688,1960.244,5.108118,4.300142
"2017-02-28 10:00:00",180,12.69381,12.4641,0,0,0,0,0,103.7715,1952.984,5.095874,4.287276,103.7927,1953.514,5.09702,4.288079
"2017-02-28 10:30:00",181,12.99919,12.74371,0,0,0,0,0,103.7501,1952.235,5.094826,4.286503,103.7482,1952.442,5.094735,4.286563
"2017-02-28 11:00:00",182,13.31997,13.10274,0,0,0,0,0,103.7566,1952.596,5.094463,4.286522,103.7553,1952.516,5.094969,4.28648
"2017-02-28 11:30:00",183,15.05535,14.34572,0,0,0,0,0,103.7446,1952.157,5.094557,4.28567,103.7435,1952.217,5.094731,4.285672
"2017-02-28 12:00:00",184,15.43407,14.98787,0,0,0,0,0,103.734,1952.045,5.094039,4.285451,103.7385,1952.212,5.094263,4.285549
"2017-02-28 12:30:00",185,14.41759,14.06784,0,0,0,0,0,103.7612,1952.031,5.095369,4.286105,103.7519,1952.206,5.094803,4.285765
"2017-02-28 13:00:00",186,13.49155,13.49155,0,0,0,0,0,103.7612,1952.731,5.095369,4.287467,103.7612,1952.848,5.095369,4.287353
"2017-02-28 13:30:00",187,12.78024,12.78024,0,0,0,0,0,103.7929,1952.923,5.096236,4.287839,103.7827,1953.167,5.096304,4.287747
"2017-02-28 14:00:00",188,13.07724,12.73237,0,0,0,0,0,103.789,1953.43,5.096727,4.288826,103.7979,1953.897,5.097046,4.288712
"2017-02-28 14:30:00",189,12.45231,12.44119,0,0,0,0,0,103.8169,1954.832,5.098092,4.288827,103.803,1954.365,5.097638,4.288827
"2017-02-28 15:00:00",190,12.72989,12.51893,0,0,0,0,0,103.789,1953.431,5.096729,4.288827,103.796,1954.073,5.096956,4.289054
"2017-02-28 15:30:00",191,13.53488,12.79651,0,0,0,0,0,103.7333,1953.431,5.094005,4.286784,103.7565,1953.548,5.09514,4.287465
"2017-02-28 16:00:00",192,12.74655,12.74655,0,0,0,0,0,103.7612,1953.781,5.095367,4.288827,103.7542,1953.372,5.094799,4.286784
"2017-02-28 16:30:00",193,12.90754,12.56334,0,0,0,0,0,103.7612,1954.132,5.095367,4.288146,103.7635,1953.664,5.09548,4.288146
"2017-02-28 17:00:00",194,12.58209,12.46965,0,0,0,0,0,103.789,1954.832,5.095367,4.288827,103.7774,1954.54,5.095594,4.289054
"2017-02-28 17:30:00",195,12.32782,12.28309,0,0,0,0,0,103.789,1954.832,5.096729,4.29019,103.7983,1954.832,5.097183,4.289849
"2017-02-28 18:00:00",196,12.04549,12.04549,0,0,0,0,0,103.8169,1955.182,5.098092,4.291553,103.8146,1954.949,5.098092,4.291325
"2017-02-28 18:30:00",197,11.89565,11.89565,0,0,0,0,0,103.8523,1955.931,5.09982,4.293689,103.8444,1955.645,5.099431,4.292793
"2017-02-28 19:00:00",198,11.84956,11.84956,0,0,0,0,0,103.8525,1955.584,5.099829,4.293015,103.8525,1955.759,5.099829,4.293015
"2017-02-28 19:30:00",199,11.82193,11.82193,0,0,0,0,0,103.8604,1955.75,5.099533,4.292657,103.8543,1955.671,5.099803,4.292957
"2017-02-28 20:00:00",200,11.79971,11.79971,0,0,0,0,0,103.8413,1955.937,5.100644,4.294383,103.8578,1955.794,5.100087,4.293537
"2017-02-28 20:30:00",201,11.78304,11.78304,0,0,0,0,0,103.8641,1955.83,5.099716,4.293493,103.8635,1955.974,5.100255,4.293661
"2017-02-28 21:00:00",202,11.77193,11.77193,0,0,0,0,0,103.8592,1956.075,5.100154,4.293289,103.86,1955.968,5.100198,4.293421
"2017-02-28 21:30:00",203,11.76082,11.76082,0,0,0,0,0,103.8627,1955.8,5.100328,4.294117,103.8617,1955.837,5.100278,4.293961
"2017-02-28 22:00:00",204,11.74971,11.74971,0,0,0,0,0,103.8565,1956.369,5.100024,4.294542,103.8557,1956.293,5.099984,4.29394
"2017-02-28 22:30:00",205,11.7386,11.7386,0,0,0,0,0,103.8552,1956.342,5.09996,4.294488,103.8578,1956.338,5.100088,4.294368
"2017-02-28 23:00:00",206,11.72749,11.72749,0,0,0,0,0,103.853,1956.296,5.099854,4.294399,103.8534,1956.362,5.099872,4.294301
"2017-02-28 23:30:00",207,11.72194,11.72194,0,0,0,0,0,103.8603,1956.8,5.100209,4.294698,103.8563,1956.423,5.100013,4.294533
"2017-03-01 00:00:00",208,11.71082,11.71082,0,0,0,0,0,103.8565,1956.37,5.100027,4.294544,103.8574,1956.563,5.100067,4.294578
"2017-03-01 00:30:00",209,11.69971,11.69971,0,0,0,0,0,103.8554,1957.047,5.09997,4.294497,103.8568,1956.552,5.100041,4.294556
"2017-03-01 01:00:00",210,11.69416,11.69416,0,0,0,0,0,103.8567,1957.075,5.100036,4.294552,103.8576,1956.742,5.100076,4.294586
"2017-03-01 01:30:00",211,11.6886,11.6886,0,0,0,0,0,103.8556,1956.351,5.099982,4.294507,103.855,1956.746,5.09995,4.29448
"2017-03-01 02:00:00",212,11.67749,11.67749,0,0,0,0,0,103.8525,1956.636,5.099831,4.294379,103.8527,1956.757,5.09984,4.294387
"2017-03-01 02:30:00",213,11.67194,11.67194,0,0,0,0,0,103.8525,1956.636,5.099831,4.294379,103.8529,1956.76,5.099848,4.294394
"2017-03-01 03:00:00",214,11.66638,11.66638,0,0,0,0,0,103.8525,1956.987,5.099831,4.295743,103.8525,1956.986,5.099831,4.294834
"2017-03-01 03:30:00",215,11.66083,11.66083,0,0,0,0,0,103.8525,1956.987,5.099831,4.294379,103.8525,1956.928,5.099831,4.294379
"2017-03-01 04:00:00",216,11.65527,11.65527,0,0,0,0,0,103.8525,1956.987,5.099831,4.294379,103.8525,1956.986,5.099831,4.294379
"2017-03-01 04:30:00",217,11.64971,11.64971,0,0,0,0,0,103.8525,1956.987,5.099831,4.294379,103.8525,1956.986,5.099831,4.294493
"2017-03-01 05:00:00",218,11.6386,11.6386,0,0,0,0,0,103.8525,1956.987,5.099831,4.294379,103.8525,1956.986,5.099831,4.294493
"2017-03-01 05:30:00",219,11.63305,11.63305,0,0,0,0,0,103.8525,1956.987,5.099831,4.294379,103.8525,1956.986,5.099831,4.294493
"2017-03-01 06:00:00",220,11.62749,11.62749,0,0,0,0,0,103.8525,1956.987,5.099831,4.294379,103.8549,1956.986,5.099831,4.294379
"2017-03-01 06:30:00",221,11.62194,11.62194,0,0,0,0,0,103.8526,1956.987,5.099833,4.294381,103.8538,1957.012,5.099891,4.294429
"2017-03-01 07:00:00",222,11.61638,11.61638,0,0,0,0,0,103.8532,1957,5.099864,4.294406,103.8533,1957.002,5.099868,4.294637
"2017-03-01 07:30:00",223,11.61083,11.61083,0,0,0,0,0,103.8525,1956.987,5.099831,4.294379,103.8549,1957.162,5.099833,4.294494
"2017-03-01 08:00:00",224,11.61638,11.61083,0,0,0,0,0,103.8525,1956.987,5.099831,4.294379,103.8618,1957.103,5.100058,4.294607
"2017-03-01 08:30:00",225,11.61638,11.61638,0,0,0,0,0,103.8665,1956.987,5.099831,4.295061,103.8642,1957.162,5.100399,4.294493
"2017-03-01 09:00:00",226,11.63859,11.61638,0,0,0,0,0,103.8804,1956.987,5.099831,4.294379,103.8665,1957.22,5.099831,4.294607
"2017-03-01 09:30:00",227,11.64898,11.64416,0,0,0,0,0,103.8804,1957.337,5.099831,4.295061,103.8642,1957.22,5.100285,4.294607
"2017-03-01 10:00:00",228,11.64644,11.64644,0,0,0,0,0,103.8665,1957.337,5.100513,4.295061,103.8618,1957.337,5.100399,4.29472
"2017-03-01 10:30:00",229,11.67351,11.64609,0,0,0,0,0,103.8665,1957.337,5.100513,4.294379,103.8735,1957.571,5.10108,4.294607
"2017-03-01 11:00:00",230,11.72349,11.67351,0,0,0,0,0,103.8525,1956.987,5.099831,4.294379,103.8618,1957.103,5.100285,4.294493
"2017-03-01 11:30:00",231,11.8901,11.74016,0,0,0,0,0,103.8525,1956.987,5.099831,4.294379,103.8525,1956.986,5.099831,4.294379
"2017-03-01 12:00:00",232,11.85123,11.84567,0,0,0,0,0,103.8274,1956.453,5.0986,4.293343,103.8395,1956.711,5.099195,4.293843
"2017-03-01 12:30:00",233,11.82875,11.79569,0,0,0,0,0,103.8177,1956.249,5.098129,4.292946,103.8289,1956.339,5.098903,4.29312
"2017-03-01 13:00:00",234,11.85087,11.82892,0,0,0,0,0,103.8171,1956.236,5.098098,4.29292,103.8205,1956.259,5.098152,4.292965
"2017-03-01 13:30:00",235,11.83362,11.81695,0,0,0,0,0,103.8313,1956.242,5.098793,4.292932,103.8257,1956.27,5.098404,4.292987
"2017-03-01 14:00:00",236,11.85114,11.80592,0,0,0,0,0,103.8172,1956.238,5.098104,4.292924,103.8232,1956.326,5.098398,4.292981
"2017-03-01 14:30:00",237,11.77347,11.77347,0,0,0,0,0,103.8438,1956.506,5.098722,4.293446,103.8291,1956.391,5.098684,4.293449
"2017-03-01 15:00:00",238,11.79569,11.75126,0,0,0,0,0,103.8471,1956.871,5.099564,4.294155,103.8494,1956.732,5.099335,4.293884
"2017-03-01 15:30:00",239,11.7346,11.7346,0,0,0,0,0,103.8776,1957.278,5.099694,4.294264,103.8572,1956.955,5.099831,4.294092
"2017-03-01 16:00:00",240,11.70128,11.69572,0,0,0,0,0,103.8803,1957.334,5.100506,4.296418,103.8644,1957.119,5.100413,4.294864
"2017-03-01 16:30:00",241,11.66795,11.66795,0,0,0,0,0,103.8804,1957.336,5.101192,4.295059,103.8801,1957.445,5.100948,4.295272
"2017-03-01 17:00:00",242,11.65685,11.65685,0,0,0,0,0,103.8804,1957.336,5.101192,4.297104,103.8775,1957.616,5.101165,4.295945
"2017-03-01 17:30:00",243,11.64574,11.64019,0,0,0,0,0,103.8804,1957.687,5.101192,4.295741,103.8804,1957.687,5.101192,4.295627
"2017-03-01 18:00:00",244,11.62353,11.62353,0,0,0,0,0,103.8804,1957.687,5.101192,4.296422,103.8804,1957.687,5.101192,4.295968
"2017-03-01 18:30:00",245,11.60687,11.60687,0,0,0,0,0,103.8804,1957.687,5.101192,4.296422,103.8804,1957.687,5.101192,4.295968
"2017-03-01 19:00:00",246,11.59947,11.59694,0,0,0,0,0,103.8665,1957.336,5.099829,4.296422,103.8781,1957.453,5.100738,4.296082
"2017-03-01 19:30:00",247,11.59408,11.5936,0,0,0,0,0,103.8665,1956.986,5.101192,4.295741,103.8734,1957.453,5.100852,4.296082
"2017-03-01 20:00:00",248,11.5886,11.58859,0,0,0,0,0,103.8665,1956.986,5.100511,4.297104,103.8734,1957.336,5.100738,4.296082
"2017-03-01 20:30:00",249,11.58305,11.58305,0,0,0,0,0,103.8525,1956.986,5.099829,4.295741,103.8711,1957.687,5.10017,4.295968
"2017-03-01 21:00:00",250,11.57749,11.57749,0,0,0,0,0,103.8665,1957.336,5.101192,4.297104,103.8595,1957.628,5.100738,4.296763
"2017-03-01 21:30:00",251,11.57749,11.57749,0,0,0,0,0,103.8804,1958.387,5.100511,4.296422,103.8711,1957.511,5.100284,4.296309
"2017-03-01 22:00:00",252,11.57194,11.57194,0,0,0,0,0,103.8563,1957.417,5.100697,4.296578,103.8561,1957.362,5.100117,4.296019
"2017-03-01 22:30:00",253,11.56638,11.56638,0,0,0,0,0,103.8608,1957.16,5.100233,4.296762,103.8654,1957.646,5.100234,4.296458
"2017-03-01 23:00:00",254,11.56083,11.56083,0,0,0,0,0,103.8618,1957.884,5.100285,4.296124,103.8637,1957.417,5.100377,4.296351
"2017-03-01 23:30:00",255,11.55527,11.55527,0,0,0,0,0,103.8606,1957.157,5.100225,4.296074,103.8651,1957.611,5.100556,4.296389
"2017-03-02 00:00:00",256,11.54972,11.54972,0,0,0,0,0,103.8606,1958.56,5.100227,4.296075,103.8636,1957.755,5.100372,4.296102
"2017-03-02 00:30:00",257,11.54416,11.54416,0,0,0,0,0,103.862,1957.887,5.100293,4.296132,103.8634,1958.102,5.100363,4.296208
"2017-03-02 01:00:00",258,11.54416,11.54416,0,0,0,0,0,103.8641,1958.634,5.100398,4.296901,103.8669,1958.009,5.100531,4.296595
"2017-03-02 01:30:00",259,11.53861,11.53861,0,0,0,0,0,103.8858,1958.15,5.100091,4.295961,103.8687,1958.474,5.100278,4.296478
"2017-03-02 02:00:00",260,11.53305,11.53305,0,0,0,0,0,103.8641,1958.633,5.100397,4.2969,103.87,1958.309,5.100683,4.296723
"2017-03-02 02:30:00",261,11.53305,11.53305,0,0,0,0,0,103.8801,1958.326,5.100498,4.297667,103.8746,1958.424,5.100566,4.297061
"2017-03-02 03:00:00",262,11.5275,11.5275,0,0,0,0,0,103.8661,1958.675,5.100493,4.296981,103.8792,1958.415,5.100907,4.297043
"2017-03-02 03:30:00",263,11.52194,11.52194,0,0,0,0,0,103.8713,1958.785,5.101428,4.297195,103.8696,1958.418,5.10078,4.296936
"2017-03-02 04:00:00",264,11.51639,11.51639,0,0,0,0,0,103.8839,1958.757,5.101365,4.297823,103.883,1958.571,5.100976,4.297574
"2017-03-02 04:30:00",265,11.51639,11.51639,0,0,0,0,0,103.892,1958.632,5.101076,4.298943,103.8848,1958.628,5.101292,4.297684
"2017-03-02 05:00:00",266,11.51083,11.51083,0,0,0,0,0,103.8871,1958.529,5.101519,4.298742,103.8865,1958.566,5.101378,4.298133
"2017-03-02 05:30:00",267,11.50527,11.50527,0,0,0,0,0,103.8703,1958.468,5.101378,4.297942,103.8834,1958.501,5.10134,4.298233
"2017-03-02 06:00:00",268,11.49972,11.49972,0,0,0,0,0,103.8859,1958.505,5.101462,4.298694,103.8885,1958.56,5.101476,4.298688
"2017-03-02 06:30:00",269,11.49972,11.49972,0,0,0,0,0,103.8825,1958.432,5.101295,4.298553,103.8886,1958.562,5.10148,4.298805
"2017-03-02 07:00:00",270,11.49416,11.49416,0,0,0,0,0,103.8893,1958.576,5.101627,4.298833,103.8858,1958.502,5.101456,4.298689
"2017-03-02 07:30:00",271,11.49416,11.49416,0,0,0,0,0,103.8876,1958.539,5.101542,4.298761,103.887,1958.527,5.101514,4.298738
"2017-03-02 08:00:00",272,11.51122,11.49416,0,0,0,0,0,103.8866,1958.758,5.101492,4.299187,103.8809,1958.675,5.101444,4.299139
"2017-03-02 08:30:00",273,11.55919,11.51386,0,0,0,0,0,103.8881,1959.14,5.101567,4.298568,103.888,1959.022,5.101563,4.298791
"2017-03-02 09:00:00",274,11.57033,11.5481,0,0,0,0,0,103.8881,1959.14,5.101567,4.297204,103.8881,1959.082,5.101567,4.297999
"2017-03-02 09:30:00",275,11.66318,11.58184,0,0,0,0,0,103.8768,1958.736,5.101015,4.297781,103.8819,1958.644,5.101037,4.297374
"2017-03-02 10:00:00",276,11.89672,11.72437,0,0,0,0,0,103.8399,1957.791,5.099897,4.295942,103.8606,1958.135,5.10045,4.296611
"2017-03-02 10:30:00",277,12.09265,11.90783,0,0,0,0,0,103.812,1957.089,5.097851,4.294579,103.8167,1957.265,5.098192,4.29526
"2017-03-02 11:00:00",278,12.10959,12.10959,0,0,0,0,0,103.812,1957.089,5.097851,4.29526,103.8027,1957.206,5.097396,4.294692
"2017-03-02 11:30:00",279,12.24904,12.17108,0,0,0,0,0,103.7855,1957.119,5.096556,4.293954,103.8016,1957.231,5.097455,4.294627
"2017-03-02 12:00:00",280,12.35521,12.25493,0,0,0,0,0,103.8193,1957.484,5.098208,4.295346,103.8001,1956.983,5.097272,4.294486
"2017-03-02 12:30:00",281,12.85727,12.33361,0,0,0,0,0,103.7638,1956.439,5.095497,4.29195,103.7964,1956.965,5.09686,4.294223
"2017-03-02 13:00:00",282,13.23595,12.72938,0,0,0,0,0,103.7498,1956.089,5.094133,4.292632,103.7545,1956.322,5.094928,4.292746
"2017-03-02 13:30:00",283,12.63667,12.63667,0,0,0,0,0,103.7776,1957.136,5.096169,4.293987,103.7563,1956.486,5.095016,4.293406
"2017-03-02 14:00:00",284,14.45023,12.62567,0,0,0,0,0,103.7359,1956.089,5.094133,4.29195,103.7568,1956.615,5.095269,4.293314
"2017-03-02 14:30:00",285,14.8953,14.13958,0,0,0,0,0,103.7359,1956.439,5.094133,4.29195,103.7359,1955.972,5.094133,4.29195
"2017-03-02 15:00:00",286,13.30439,13.30439,0,0,0,0,0,103.7638,1956.439,5.094133,4.292632,103.7405,1956.322,5.094246,4.292973
"2017-03-02 15:30:00",287,13.43242,13.04315,0,0,0,0,0,103.7359,1956.439,5.094133,4.292632,103.7405,1956.322,5.09436,4.29286
"2017-03-02 16:00:00",288,13.32325,12.53757,0,0,0,0,0,103.7359,1956.439,5.094133,4.292632,103.7638,1956.615,5.095497,4.29411
"2017-03-02 16:30:00",289,12.61691,12.57797,0,0,0,0,0,103.7778,1957.141,5.095497,4.295361,103.7615,1956.556,5.095156,4.294679
"2017-03-02 17:00:00",290,12.58353,12.56684,0,0,0,0,0,103.7638,1957.141,5.095497,4.295361,103.7708,1956.907,5.095611,4.295133
"2017-03-02 17:30:00",291,12.41664,12.41664,0,0,0,0,0,103.7917,1957.141,5.096861,4.296043,103.7917,1957.141,5.096861,4.295475
"2017-03-02 18:00:00",292,12.16705,12.16705,0,0,0,0,0,103.8197,1957.843,5.098226,4.297407,103.7987,1957.726,5.09743,4.296839
"2017-03-02 18:30:00",293,11.96313,11.96313,0,0,0,0,0,103.8226,1957.904,5.098367,4.297526,103.8205,1957.918,5.098264,4.29744
"2017-03-02 19:00:00",294,11.88664,11.88664,0,0,0,0,0,103.8547,1958.583,5.099936,4.298848,103.844,1958.533,5.099414,4.298409
"2017-03-02 19:30:00",295,11.86566,11.86523,0,0,0,0,0,103.8553,1958.947,5.099282,4.298873,103.8552,1958.888,5.09985,4.298872
"2017-03-02 20:00:00",296,11.84583,11.84583,0,0,0,0,0,103.8273,1958.947,5.0986,4.298873,103.8436,1958.655,5.099396,4.298873
"2017-03-02 20:30:00",297,11.83504,11.83504,0,0,0,0,0,103.8461,1958.995,5.099518,4.298965,103.8313,1958.68,5.098792,4.298807
"2017-03-02 21:00:00",298,11.82471,11.82471,0,0,0,0,0,103.8582,1958.9,5.10011,4.299463,103.8471,1958.839,5.099565,4.299004
"2017-03-02 21:30:00",299,11.82036,11.82035,0,0,0,0,0,103.8611,1959.312,5.100249,4.298898,103.8616,1959.146,5.100273,4.299146
"2017-03-02 22:00:00",300,11.8148,11.81479,0,0,0,0,0,103.863,1959.352,5.100341,4.299659,103.8625,1959.225,5.100318,4.299298
"2017-03-02 22:30:00",301,11.81463,11.81463,0,0,0,0,0,103.8629,1959.35,5.100339,4.298974,103.8625,1959.342,5.10032,4.299185
"2017-03-02 23:00:00",302,11.8148,11.81476,0,0,0,0,0,103.863,1959.351,5.100341,4.298975,103.8624,1959.34,5.100314,4.299408
"2017-03-02 23:30:00",303,11.8148,11.8148,0,0,0,0,0,103.849,1959.35,5.099656,4.298974,103.8601,1959.281,5.100087,4.299067
"2017-03-03 00:00:00",304,11.80923,11.80923,0,0,0,0,0,103.863,1959.352,5.098976,4.298976,103.849,1959.352,5.099772,4.298976
"2017-03-03 00:30:00",305,11.8152,11.80923,0,0,0,0,0,103.8354,1959.009,5.099679,4.298993,103.8458,1959.323,5.099501,4.299035
"2017-03-03 01:00:00",306,11.81563,11.8149,0,0,0,0,0,103.8616,1959.914,5.100273,4.30007,103.8514,1959.648,5.09966,4.299553
"2017-03-03 01:30:00",307,11.81775,11.81614,0,0,0,0,0,103.8706,1960.106,5.100715,4.300442,103.8688,1960.067,5.100627,4.300368
"2017-03-03 02:00:00",308,11.82441,11.81826,0,0,0,0,0,103.8707,1960.106,5.100717,4.300444,103.8707,1960.106,5.100717,4.30033
"2017-03-03 02:30:00",309,11.82441,11.82441,0,0,0,0,0,103.8707,1959.404,5.100717,4.299761,103.8707,1959.638,5.100717,4.30033
"2017-03-03 03:00:00",310,11.82998,11.82441,0,0,0,0,0,103.8707,1959.755,5.100717,4.299078,103.8707,1960.048,5.100717,4.299761
"2017-03-03 03:30:00",311,11.83142,11.82998,0,0,0,0,0,103.8707,1959.404,5.100717,4.299078,103.8683,1959.58,5.100489,4.299078
"2017-03-03 04:00:00",312,11.83757,11.83185,0,0,0,0,0,103.8707,1959.404,5.100717,4.299078,103.8637,1959.463,5.100148,4.299078
"2017-03-03 04:30:00",313,11.83955,11.8383,0,0,0,0,0,103.8567,1959.755,5.100034,4.299078,103.852,1959.58,5.099693,4.299078
"2017-03-03 05:00:00",314,11.8396,11.83959,0,0,0,0,0,103.8707,1959.404,5.100717,4.300444,103.859,1959.638,5.09992,4.299306
"2017-03-03 05:30:00",315,11.84033,11.8396,0,0,0,0,0,103.9296,1961.464,5.103593,4.303083,103.8922,1960.483,5.101429,4.30129
"2017-03-03 06:00:00",316,11.83804,11.83593,0,0,0,0,0,104.0042,1963.32,5.106556,4.30601,103.969,1962.202,5.105063,4.304291
"2017-03-03 06:30:00",317,11.80504,11.80504,0,0,0,0,0,104.2489,1969.329,5.118507,4.317011,104.1245,1966.205,5.112661,4.312075
"2017-03-03 07:00:00",318,11.55579,11.55579,0,0,0,0,0,104.3337,1971.456,5.123334,4.321147,104.3453,1971.572,5.123559,4.322284
"2017-03-03 07:30:00",319,11.64533,11.53908,0,0,0,0,0,104.3057,1970.753,5.121967,4.319781,104.3151,1970.87,5.122423,4.321603
"2017-03-03 08:00:00",320,11.88673,11.69625,0,0,0,0,0,104.2778,1970.05,5.119917,4.320464,104.2987,1970.167,5.120942,4.320578
"2017-03-03 08:30:00",321,12.2101,11.91461,0,0,0,0,0,104.2778,1969.347,5.122651,4.320464,104.2614,1969.699,5.119917,4.319667
"2017-03-03 09:00:00",322,12.55366,12.25444,0,0,0,0,0,103.8301,1958.807,5.097369,4.297915,103.8581,1959.392,5.099191,4.298371
"2017-03-03 09:30:00",323,12.8636,12.6027,0,0,0,0,0,103.7794,1957.272,5.09626,4.294248,103.7968,1957.825,5.096996,4.295779
"2017-03-03 10:00:00",324,13.27533,12.91934,0,0,0,0,0,103.7665,1956.648,5.095631,4.293718,103.7627,1956.665,5.095214,4.293751
"2017-03-03 10:30:00",325,15.44444,13.41952,0,0,0,0,0,103.7316,1956.609,5.093922,4.293643,103.7455,1956.436,5.094602,4.29342
"2017-03-03 11:00:00",326,16.1106,15.63784,0,0,0,0,0,103.756,1957.238,5.0958,4.294866,103.7561,1956.82,5.095007,4.294281
"2017-03-03 11:30:00",327,16.18123,16.13619,0,0,0,0,0,103.745,1956.522,5.094576,4.294156,103.7446,1956.9,5.094559,4.293867
"2017-03-03 12:00:00",328,16.1494,16.1494,0,0,0,0,0,103.7568,1956.883,5.095156,4.295541,103.7575,1957.027,5.095189,4.295025
"2017-03-03 12:30:00",329,16.04605,16.04605,0,0,0,0,0,103.7359,1956.441,5.094136,4.294682,103.7373,1956.703,5.094201,4.294736
"2017-03-03 13:00:00",330,15.87649,15.87649,0,0,0,0,0,103.7359,1957.143,5.094136,4.294,103.7359,1957.201,5.094136,4.294227
"2017-03-03 13:30:00",331,15.09127,15.09127,0,0,0,0,0,103.7359,1956.441,5.094136,4.293317,103.7359,1956.967,5.09425,4.293772
"2017-03-03 14:00:00",332,14.997,14.48098,0,0,0,0,0,103.7593,1956.584,5.094594,4.293595,103.741,1956.432,5.09427,4.293299
"2017-03-03 14:30:00",333,13.25763,13.25763,0,0,0,0,0,103.7435,1956.491,5.094506,4.294096,103.7474,1956.475,5.094696,4.293838
"2017-03-03 15:00:00",334,14.01722,13.23596,0,0,0,0,0,103.7156,1955.789,5.093141,4.293414,103.7342,1956.315,5.094164,4.293755
"2017-03-03 15:30:00",335,13.51066,13.23232,0,0,0,0,0,103.7303,1956.1,5.093859,4.294019,103.7263,1956.134,5.093667,4.293971
"2017-03-03 16:00:00",336,14.81329,13.48839,0,0,0,0,0,103.743,1956.37,5.094481,4.29386,103.737,1956.243,5.094187,4.293727
"2017-03-03 16:30:00",337,15.52045,14.04507,0,0,0,0,0,103.7343,1956.888,5.094057,4.292821,103.7379,1956.379,5.094233,4.293879
"2017-03-03 17:00:00",338,13.14325,13.14325,0,0,0,0,0,103.75,1956.628,5.093457,4.29368,103.7358,1956.421,5.094017,4.293733
"2017-03-03 17:30:00",339,12.60327,12.60327,0,0,0,0,0,103.7819,1957.009,5.0957,4.294421,103.759,1956.769,5.095033,4.295092
"2017-03-03 18:00:00",340,12.40493,12.40493,0,0,0,0,0,103.8069,1957.942,5.0976,4.296919,103.7987,1957.868,5.096859,4.296546
"2017-03-03 18:30:00",341,12.21011,12.21011,0,0,0,0,0,103.8071,1957.947,5.09761,4.29761,103.8063,1957.93,5.097571,4.297236
"2017-03-03 19:00:00",342,12.13323,12.13323,0,0,0,0,0,103.8252,1958.683,5.098497,4.298358,103.8117,1958.103,5.097834,4.297685
"2017-03-03 19:30:00",343,12.10837,12.10817,0,0,0,0,0,103.8426,1958.7,5.099348,4.299075,103.8394,1958.632,5.099191,4.298829
"2017-03-03 20:00:00",344,12.08618,12.08618,0,0,0,0,0,103.8427,1958.702,5.099351,4.299078,103.8427,1958.702,5.099351,4.299078
"2017-03-03 20:30:00",345,12.07861,12.0781,0,0,0,0,0,103.8148,1958.702,5.097986,4.298396,103.8287,1958.702,5.098327,4.298737
"2017-03-03 21:00:00",346,12.0736,12.07359,0,0,0,0,0,103.8148,1958,5.097986,4.29703,103.8148,1958.351,5.097986,4.297485
"2017-03-03 21:30:00",347,12.06899,12.06803,0,0,0,0,0,103.8174,1958.648,5.0988,4.298975,103.8193,1958.293,5.097979,4.298055
"2017-03-03 22:00:00",348,12.07169,12.06941,0,0,0,0,0,103.8224,1958.754,5.09836,4.29918,103.8216,1958.853,5.098318,4.29903
"2017-03-03 22:30:00",349,12.07216,12.06658,0,0,0,0,0,103.8224,1958.754,5.09836,4.298496,103.8224,1958.695,5.09836,4.299066
"2017-03-03 23:00:00",350,12.067,12.06659,0,0,0,0,0,103.8574,1958.791,5.100066,4.299252,103.8426,1959.064,5.099344,4.29944
"2017-03-03 23:30:00",351,12.07422,12.06855,0,0,0,0,0,103.8581,1958.807,5.100102,4.299282,103.858,1958.864,5.1001,4.299281
"2017-03-04 00:00:00",352,12.0762,12.07044,0,0,0,0,0,103.8301,1958.807,5.100102,4.299282,103.8441,1958.807,5.09976,4.299282
"2017-03-04 00:30:00",353,12.07629,12.07627,0,0,0,0,0,103.8301,1958.807,5.098735,4.299282,103.8394,1958.865,5.098735,4.299282
"2017-03-04 01:00:00",354,12.07712,12.07629,0,0,0,0,0,103.8301,1958.807,5.098052,4.299282,103.8301,1958.807,5.098621,4.299168
"2017-03-04 01:30:00",355,12.08042,12.07872,0,0,0,0,0,103.8021,1958.104,5.097369,4.297915,103.8115,1958.28,5.097824,4.298143
"2017-03-04 02:00:00",356,12.08822,12.08043,0,0,0,0,0,103.844,1958.991,5.099416,4.298274,103.8253,1958.711,5.098498,4.29864
"2017-03-04 02:30:00",357,12.09015,12.08964,0,0,0,0,0,103.8734,1959.613,5.100849,4.30085,103.8682,1959.62,5.100595,4.300636
"2017-03-04 03:00:00",358,12.09573,12.09015,0,0,0,0,0,103.8735,1959.615,5.100854,4.300854,103.8731,1959.608,5.100837,4.300839
"2017-03-04 03:30:00",359,12.09573,12.09573,0,0,0,0,0,103.8595,1959.615,5.100854,4.30017,103.8688,1959.615,5.10074,4.300512
"2017-03-04 04:00:00",360,12.09793,12.09614,0,0,0,0,0,103.8735,1959.615,5.100854,4.300854,103.8688,1959.557,5.100399,4.300284
"2017-03-04 04:30:00",361,12.09575,12.09575,0,0,0,0,0,103.8735,1960.318,5.100854,4.300854,103.8712,1959.674,5.100854,4.300626
"2017-03-04 05:00:00",362,12.09573,12.09573,0,0,0,0,0,103.8735,1959.967,5.100854,4.300854,103.8735,1959.674,5.100854,4.300854
"2017-03-04 05:30:00",363,12.09015,12.09015,0,0,0,0,0,103.8735,1959.615,5.100854,4.300854,103.8735,1959.791,5.100854,4.300854
"2017-03-04 06:00:00",364,12.08457,12.08457,0,0,0,0,0,103.9015,1960.318,5.100854,4.302222,103.8828,1960.318,5.10131,4.301766
"2017-03-04 06:30:00",365,12.08457,12.08457,0,0,0,0,0,103.9295,1961.373,5.102905,4.303589,103.9062,1960.787,5.10245,4.302564
"2017-03-04 07:00:00",366,12.07341,12.07341,0,0,0,0,0,103.9855,1962.076,5.104957,4.304957,103.9458,1961.725,5.104273,4.304501
"2017-03-04 07:30:00",367,12.12109,12.07407,0,0,0,0,0,104.0275,1963.834,5.108376,4.30906,104.0065,1963.131,5.107122,4.307464
"2017-03-04 08:00:00",368,12.26172,12.1328,0,0,0,0,0,103.9015,1961.373,5.100854,4.302222,104.0065,1963.659,5.106894,4.307464
"2017-03-04 08:30:00",369,12.52962,12.29521,0,0,0,0,0,103.8035,1958.209,5.097435,4.297435,103.8268,1958.677,5.098461,4.298803
"2017-03-04 09:00:00",370,13.03192,12.52962,0,0,0,0,0,103.7615,1956.802,5.095384,4.296068,103.7872,1957.681,5.09641,4.297093
"2017-03-04 09:30:00",371,13.75869,13.01517,0,0,0,0,0,103.7615,1957.506,5.095384,4.296068,103.7615,1957.154,5.095384,4.295954
"2017-03-04 10:00:00",372,15.91749,13.91465,0,0,0,0,0,103.7719,1957.43,5.095894,4.296605,103.7679,1957.434,5.095697,4.296613
"2017-03-04 10:30:00",373,16.60372,15.74453,0,0,0,0,0,103.7234,1956.81,5.093526,4.294032,103.754,1957.28,5.094902,4.295516
"2017-03-04 11:00:00",374,16.55916,16.40913,0,0,0,0,0,103.7462,1957.403,5.094639,4.294502,103.7419,1957.351,5.09454,4.294514
"2017-03-04 11:30:00",375,16.76622,16.57013,0,0,0,0,0,103.7714,1958.045,5.096549,4.296434,103.7621,1957.744,5.095526,4.295279
"2017-03-04 12:00:00",376,16.5867,16.54795,0,0,0,0,0,103.7335,1957.352,5.094014,4.295087,103.7489,1957.3,5.094882,4.2951
"2017-03-04 12:30:00",377,16.22993,16.22993,0,0,0,0,0,103.7309,1957.298,5.093891,4.294983,103.7311,1957.36,5.093898,4.295103
"2017-03-04 13:00:00",378,16.41672,16.41672,0,0,0,0,0,103.7309,1957.649,5.094573,4.294983,103.7309,1957.532,5.094118,4.294983
"2017-03-04 13:30:00",379,16.23012,16.19133,0,0,0,0,0,103.7309,1958,5.094573,4.294983,103.7426,1957.649,5.094232,4.295324
"2017-03-04 14:00:00",380,16.16588,16.16588,0,0,0,0,0,103.7309,1957.298,5.093891,4.295666,103.7379,1957.591,5.093891,4.29578
"2017-03-04 14:30:00",381,15.69798,15.69798,0,0,0,0,0,103.7309,1957.649,5.093891,4.294983,103.7332,1957.766,5.093891,4.295438
"2017-03-04 15:00:00",382,15.48304,15.48304,0,0,0,0,0,103.7309,1956.596,5.093891,4.294983,103.7309,1956.947,5.093891,4.294983
"2017-03-04 15:30:00",383,15.46669,15.40538,0,0,0,0,0,103.7309,1956.947,5.093891,4.294983,103.7309,1956.713,5.093891,4.294983
"2017-03-04 16:00:00",384,14.84825,14.84825,0,0,0,0,0,103.7309,1956.596,5.093891,4.294983,103.7309,1956.654,5.093891,4.294983
"2017-03-04 16:30:00",385,14.70339,14.70339,0,0,0,0,0,103.7449,1956.596,5.093891,4.294983,103.7332,1956.713,5.093891,4.294983
"2017-03-04 17:00:00",386,14.12951,14.12951,0,0,0,0,0,103.7309,1956.596,5.093891,4.294983,103.7309,1956.654,5.093891,4.294983
"2017-03-04 17:30:00",387,13.53893,13.43307,0,0,0,0,0,103.7309,1956.596,5.093891,4.294983,103.7309,1956.713,5.093891,4.294983
"2017-03-04 18:00:00",388,13.06534,13.06534,0,0,0,0,0,103.7309,1957.298,5.093891,4.294983,103.7309,1956.83,5.093891,4.294983
"2017-03-04 18:30:00",389,12.4469,12.4469,0,0,0,0,0,103.7589,1956.947,5.095256,4.296349,103.7449,1956.889,5.09446,4.29521
"2017-03-04 19:00:00",390,12.34215,12.34215,0,0,0,0,0,103.7886,1957.928,5.096709,4.297573,103.7707,1957.489,5.095832,4.296607
"2017-03-04 19:30:00",391,12.31141,12.31141,0,0,0,0,0,103.7939,1958.039,5.096965,4.297789,103.793,1958.021,5.096922,4.297753
"2017-03-04 20:00:00",392,12.2951,12.29509,0,0,0,0,0,103.8084,1958.052,5.096993,4.297813,103.7968,1958.051,5.096992,4.297812
"2017-03-04 20:30:00",393,12.27279,12.27279,0,0,0,0,0,103.7944,1958.052,5.096993,4.297813,103.7968,1958.227,5.097107,4.297813
"2017-03-04 21:00:00",394,12.25609,12.25609,0,0,0,0,0,103.7944,1958.052,5.096993,4.297813,103.8038,1958.286,5.096993,4.297813
"2017-03-04 21:30:00",395,12.24494,12.24494,0,0,0,0,0,103.8045,1958.615,5.097483,4.298226,103.7976,1958.293,5.097146,4.297942
"2017-03-04 22:00:00",396,12.23379,12.23379,0,0,0,0,0,103.8282,1958.765,5.09864,4.299202,103.8154,1958.553,5.098015,4.298675
"2017-03-04 22:30:00",397,12.2246,12.2246,0,0,0,0,0,103.8301,1958.807,5.098735,4.299282,103.83,1958.804,5.09873,4.29905
"2017-03-04 23:00:00",398,12.21922,12.21922,0,0,0,0,0,103.8301,1958.807,5.098735,4.299282,103.8301,1958.572,5.098621,4.298827
"2017-03-04 23:30:00",399,12.21454,12.2136,0,0,0,0,0,103.8161,1958.455,5.098735,4.298599,103.8278,1958.572,5.098621,4.298485
"2017-03-05 00:00:00",400,12.20973,12.20854,0,0,0,0,0,103.8301,1958.455,5.098735,4.299282,103.8278,1958.572,5.098279,4.298827
"2017-03-05 00:30:00",401,12.20453,12.20429,0,0,0,0,0,103.8301,1958.455,5.098735,4.298599,103.8254,1958.455,5.098279,4.298143
"2017-03-05 01:00:00",402,12.19895,12.19895,0,0,0,0,0,103.8301,1958.807,5.098735,4.299282,103.8301,1958.572,5.098621,4.298712
"2017-03-05 01:30:00",403,12.19338,12.19338,0,0,0,0,0,103.8161,1958.104,5.098052,4.298599,103.8231,1958.221,5.098279,4.298827
"2017-03-05 02:00:00",404,12.1878,12.1878,0,0,0,0,0,103.8021,1958.104,5.097369,4.297915,103.8091,1958.104,5.097482,4.297915
"2017-03-05 02:30:00",405,12.1878,12.1878,0,0,0,0,0,103.8021,1958.104,5.097369,4.297915,103.8021,1958.162,5.097369,4.297688
"2017-03-05 03:00:00",406,12.18252,12.18227,0,0,0,0,0,103.8021,1958.104,5.097369,4.297915,103.8021,1958.104,5.097369,4.297915
"2017-03-05 03:30:00",407,12.18063,12.18022,0,0,0,0,0,103.8021,1958.104,5.097369,4.297915,103.8021,1958.104,5.097369,4.297801
"2017-03-05 04:00:00",408,12.18082,12.18077,0,0,0,0,0,103.8021,1958.104,5.097369,4.297915,103.8021,1958.104,5.097369,4.297801
"2017-03-05 04:30:00",409,12.17524,12.17524,0,0,0,0,0,103.8021,1958.104,5.097369,4.297232,103.8021,1958.104,5.097369,4.297801
"2017-03-05 05:00:00",410,12.17524,12.17524,0,0,0,0,0,103.8057,1958.179,5.097543,4.298062,103.8027,1958.117,5.097397,4.297712
"2017-03-05 05:30:00",411,12.16967,12.16967,0,0,0,0,0,103.8218,1958.52,5.098328,4.298725,103.8135,1958.346,5.097926,4.298385
"2017-03-05 06:00:00",412,12.17055,12.16967,0,0,0,0,0,103.8386,1958.876,5.09915,4.299417,103.833,1958.758,5.098876,4.299073
"2017-03-05 06:30:00",413,12.16825,12.16621,0,0,0,0,0,103.8724,1959.592,5.100801,4.300809,103.8604,1959.338,5.100216,4.299747
"2017-03-05 07:00:00",414,12.16268,12.16268,0,0,0,0,0,103.9015,1960.318,5.101538,4.301538,103.8851,1960.141,5.101193,4.301307
"2017-03-05 07:30:00",415,12.20731,12.16268,0,0,0,0,0,103.9015,1960.67,5.102222,4.302222,103.9062,1960.377,5.102222,4.302222
"2017-03-05 08:00:00",416,12.30775,12.22405,0,0,0,0,0,103.8455,1958.912,5.099487,4.299487,103.8805,1959.791,5.10074,4.30074
"2017-03-05 08:30:00",417,12.4528,12.32448,0,0,0,0,0,103.8175,1958.209,5.098119,4.297435,103.8245,1958.443,5.098347,4.297777
"2017-03-05 09:00:00",418,12.64388,12.4807,0,0,0,0,0,103.7556,1957.194,5.095095,4.295462,103.7928,1957.735,5.096799,4.296515
"2017-03-05 09:30:00",419,12.86126,12.67166,0,0,0,0,0,103.7462,1956.7,5.094639,4.293818,103.7454,1956.556,5.094028,4.293993
"2017-03-05 10:00:00",420,13.6319,12.91145,0,0,0,0,0,103.7462,1956.7,5.094639,4.294502,103.7462,1956.7,5.094525,4.293932
"2017-03-05 10:30:00",421,15.67307,14.26187,0,0,0,0,0,103.7657,1956.926,5.096272,4.294258,103.7681,1956.972,5.095936,4.294347
"2017-03-05 11:00:00",422,16.21002,15.83438,0,0,0,0,0,103.7591,1957.303,5.094585,4.29431,103.7477,1957.087,5.094598,4.29389
"2017-03-05 11:30:00",423,16.30813,16.23619,0,0,0,0,0,103.7478,1957.174,5.094715,4.294741,103.761,1957.242,5.095362,4.295329
"2017-03-05 12:00:00",424,16.29115,16.29115,0,0,0,0,0,103.7436,1957.547,5.094512,4.294784,103.7394,1957.361,5.094304,4.294652
"2017-03-05 12:30:00",425,16.16607,16.16607,0,0,0,0,0,103.7612,1956.976,5.095369,4.295039,103.7625,1957.151,5.095205,4.294811
"2017-03-05 13:00:00",426,15.97183,15.97183,0,0,0,0,0,103.736,1957.143,5.094137,4.294683,103.7396,1957.044,5.094314,4.294604
"2017-03-05 13:30:00",427,15.64622,15.59645,0,0,0,0,0,103.7359,1957.844,5.094136,4.294,103.7359,1957.376,5.094136,4.294227
"2017-03-05 14:00:00",428,15.07019,15.07019,0,0,0,0,0,103.7359,1957.493,5.094136,4.294682,103.7359,1957.026,5.094136,4.293658
"2017-03-05 14:30:00",429,13.33105,13.33105,0,0,0,0,0,103.7359,1956.441,5.094136,4.294682,103.7359,1956.441,5.094136,4.294341
"2017-03-05 15:00:00",430,13.14987,13.14987,0,0,0,0,0,103.761,1956.972,5.09536,4.293667,103.7431,1956.592,5.094485,4.293157
"2017-03-05 15:30:00",431,12.86051,12.86051,0,0,0,0,0,103.7715,1956.842,5.09587,4.296144,103.7704,1956.821,5.095822,4.294851
"2017-03-05 16:00:00",432,12.73252,12.73252,0,0,0,0,0,103.7715,1957.193,5.09587,4.296144,103.7715,1957.134,5.09587,4.295575
"2017-03-05 16:30:00",433,12.63791,12.63791,0,0,0,0,0,103.7715,1957.193,5.09587,4.295461,103.7715,1957.193,5.09587,4.295461
"2017-03-05 17:00:00",434,12.54331,12.54331,0,0,0,0,0,103.7715,1957.193,5.09587,4.295461,103.7715,1957.193,5.09587,4.295802
"2017-03-05 17:30:00",435,12.48209,12.48209,0,0,0,0,0,103.7715,1957.193,5.09587,4.294779,103.7715,1957.251,5.09587,4.295347
"2017-03-05 18:00:00",436,12.41532,12.41532,0,0,0,0,0,103.7715,1957.193,5.09587,4.295461,103.7715,1957.193,5.09587,4.29512
"2017-03-05 18:30:00",437,12.35611,12.35611,0,0,0,0,0,103.7715,1957.193,5.09587,4.294779,103.7715,1957.193,5.09587,4.295234
"2017-03-05 19:00:00",438,12.30263,12.30263,0,0,0,0,0,103.7715,1957.193,5.09587,4.295461,103.7715,1957.193,5.09587,4.295347
"2017-03-05 19:30:00",439,12.28144,12.28129,0,0,0,0,0,103.7902,1957.59,5.096786,4.296232,103.7846,1957.47,5.09651,4.296114
"2017-03-05 20:00:00",440,12.25465,12.25465,0,0,0,0,0,103.8071,1957.947,5.097609,4.296244,103.8036,1957.874,5.097442,4.296444
"2017-03-05 20:30:00",441,12.24038,12.23879,0,0,0,0,0,103.8092,1958.583,5.097713,4.296117,103.8051,1958.094,5.097287,4.296302
"2017-03-05 21:00:00",442,12.21985,12.21985,0,0,0,0,0,103.8148,1958,5.097986,4.296347,103.8144,1958.051,5.097969,4.29656
"2017-03-05 21:30:00",443,12.2046,12.20412,0,0,0,0,0,103.8148,1958,5.097986,4.296347,103.8124,1958,5.097872,4.296461
"2017-03-05 22:00:00",444,12.19049,12.19024,0,0,0,0,0,103.7868,1958,5.09662,4.296347,103.7891,1958,5.096734,4.296461
"2017-03-05 22:30:00",445,12.17389,12.17389,0,0,0,0,0,103.7904,1957.373,5.096794,4.295128,103.7874,1957.661,5.096649,4.296144
"2017-03-05 23:00:00",446,12.16656,12.16582,0,0,0,0,0,103.8222,1958.047,5.097666,4.296438,103.8133,1957.858,5.0978,4.296072
"2017-03-05 23:30:00",447,12.15618,12.15576,0,0,0,0,0,103.8269,1958.738,5.098577,4.297782,103.8173,1958.339,5.097997,4.297005
"2017-03-06 00:00:00",448,12.14758,12.1471,0,0,0,0,0,103.8301,1958.807,5.098735,4.297915,103.8299,1958.744,5.098726,4.297908
"2017-03-06 00:30:00",449,12.1432,12.14315,0,0,0,0,0,103.8021,1958.104,5.098052,4.296549,103.8184,1958.162,5.097938,4.297688
"2017-03-06 01:00:00",450,12.13762,12.13762,0,0,0,0,0,103.8021,1958.455,5.097369,4.297915,103.8115,1958.162,5.097369,4.297232
"2017-03-06 01:30:00",451,12.13205,12.13205,0,0,0,0,0,103.8161,1958.455,5.097369,4.296549,103.8161,1958.338,5.097938,4.29746
"2017-03-06 02:00:00",452,12.13205,12.13205,0,0,0,0,0,103.8021,1958.104,5.097369,4.296549,103.8115,1958.104,5.097597,4.297118
"2017-03-06 02:30:00",453,12.12647,12.12647,0,0,0,0,0,103.8021,1958.104,5.097369,4.296549,103.8045,1958.045,5.097369,4.296663
"2017-03-06 03:00:00",454,12.12995,12.12647,0,0,0,0,0,103.8021,1958.104,5.097369,4.296549,103.8021,1958.104,5.097369,4.296549
"2017-03-06 03:30:00",455,12.13063,12.13045,0,0,0,0,0,103.8021,1957.752,5.097369,4.296549,103.8021,1957.987,5.097369,4.296549
"2017-03-06 04:00:00",456,12.13063,12.13063,0,0,0,0,0,103.8349,1958.094,5.098967,4.296529,103.8184,1958.214,5.098162,4.296762
"2017-03-06 04:30:00",457,12.13464,12.13063,0,0,0,0,0,103.8395,1958.784,5.099193,4.297872,103.8355,1958.463,5.098885,4.297132
"2017-03-06 05:00:00",458,12.14036,12.13474,0,0,0,0,0,103.8455,1958.56,5.099487,4.298119,103.8448,1958.838,5.099451,4.298203
"2017-03-06 05:30:00",459,12.14197,12.14036,0,0,0,0,0,103.8455,1958.912,5.099487,4.298119,103.8431,1958.795,5.099373,4.298119
"2017-03-06 06:00:00",460,12.1445,12.14276,0,0,0,0,0,103.8315,1958.56,5.098119,4.298119,103.8362,1958.677,5.098803,4.297777
"2017-03-06 06:30:00",461,12.14452,12.14452,0,0,0,0,0,103.8175,1958.56,5.098119,4.297435,103.8198,1958.384,5.098347,4.297549
"2017-03-06 07:00:00",462,12.1501,12.14452,0,0,0,0,0,103.8175,1958.209,5.098119,4.296751,103.8175,1958.209,5.098119,4.297093
"2017-03-06 07:30:00",463,12.20591,12.1501,0,0,0,0,0,103.8175,1958.209,5.098119,4.296751,103.8175,1958.091,5.098119,4.296751
"2017-03-06 08:00:00",464,12.3287,12.22824,0,0,0,0,0,103.7895,1957.154,5.096752,4.296751,103.7942,1957.798,5.096866,4.296751
"2017-03-06 08:30:00",465,12.42358,12.35102,0,0,0,0,0,103.7895,1957.506,5.096752,4.296751,103.7895,1957.505,5.096752,4.296296
"2017-03-06 09:00:00",466,12.74396,12.43474,0,0,0,0,0,103.7615,1956.451,5.095384,4.294701,103.7732,1957.154,5.095954,4.295384
"2017-03-06 09:30:00",467,13.01773,12.7934,0,0,0,0,0,103.7313,1956.273,5.093908,4.293672,103.7609,1956.688,5.095242,4.294706
"2017-03-06 10:00:00",468,14.63957,13.05654,0,0,0,0,0,103.7742,1955.997,5.096005,4.293818,103.7587,1956.073,5.094906,4.293852
"2017-03-06 10:30:00",469,15.95162,15.0615,0,0,0,0,0,103.7326,1955.93,5.093975,4.293688,103.7541,1956.065,5.095024,4.293836
"2017-03-06 11:00:00",470,16.15578,16.03204,0,0,0,0,0,103.727,1956.031,5.093699,4.293202,103.7548,1956.584,5.094831,4.293822
"2017-03-06 11:30:00",471,16.14438,16.14438,0,0,0,0,0,103.7372,1956.467,5.094197,4.294733,103.7456,1956.599,5.094721,4.294194
"2017-03-06 12:00:00",472,16.05576,16.05576,0,0,0,0,0,103.7433,1957.113,5.095178,4.29326,103.7446,1956.785,5.094561,4.294326
"2017-03-06 12:30:00",473,15.91274,15.91274,0,0,0,0,0,103.7353,1956.351,5.093421,4.293825,103.7391,1956.678,5.094176,4.294802
"2017-03-06 13:00:00",474,15.77167,15.33821,0,0,0,0,0,103.7346,1955.636,5.094752,4.293116,103.7346,1956.221,5.094185,4.293458
"2017-03-06 13:30:00",475,15.67719,15.44934,0,0,0,0,0,103.7486,1955.636,5.093389,4.293116,103.7393,1956.22,5.094183,4.293457
"2017-03-06 14:00:00",476,14.75324,14.75324,0,0,0,0,0,103.7206,1955.636,5.093389,4.293116,103.7206,1955.986,5.093389,4.293116
"2017-03-06 14:30:00",477,13.25316,13.25316,0,0,0,0,0,103.7547,1955.655,5.09505,4.293153,103.7427,1955.81,5.094351,4.293341
"2017-03-06 15:00:00",478,13.1253,13.11974,0,0,0,0,0,103.7282,1955.687,5.09376,4.293215,103.7328,1955.977,5.094097,4.293211
"2017-03-06 15:30:00",479,14.89894,12.9752,0,0,0,0,0,103.7282,1955.687,5.09376,4.293215,103.7282,1955.745,5.09376,4.293215
"2017-03-06 16:00:00",480,15.43794,15.15448,0,0,0,0,0,103.7422,1957.089,5.095124,4.294579,103.7352,1956.037,5.094328,4.293669
"2017-03-06 16:30:00",481,13.1237,13.1237,0,0,0,0,0,103.7213,1955.65,5.09342,4.293142,103.7338,1955.915,5.094032,4.293545
"2017-03-06 17:00:00",482,13.0077,13.0077,0,0,0,0,0,103.7206,1955.987,5.093389,4.293116,103.7207,1955.695,5.09339,4.293117
"2017-03-06 17:30:00",483,12.77951,12.77951,0,0,0,0,0,103.7206,1955.636,5.093389,4.293116,103.723,1955.636,5.093389,4.293116
"2017-03-06 18:00:00",484,12.55111,12.55111,0,0,0,0,0,103.7346,1956.337,5.094752,4.293116,103.7276,1955.753,5.093616,4.293116
"2017-03-06 18:30:00",485,12.44707,12.44707,0,0,0,0,0,103.7642,1956.667,5.095514,4.293758,103.7521,1956.354,5.094925,4.294171
"2017-03-06 19:00:00",486,12.39149,12.39149,0,0,0,0,0,103.784,1956.738,5.096485,4.294576,103.7811,1956.85,5.09634,4.295136
"2017-03-06 19:30:00",487,12.36004,12.36004,0,0,0,0,0,103.7562,1956.388,5.095124,4.294579,103.7608,1956.68,5.095465,4.294692
"2017-03-06 20:00:00",488,12.33858,12.33858,0,0,0,0,0,103.7577,1956.421,5.095199,4.294642,103.7572,1956.468,5.095174,4.294734
"2017-03-06 20:30:00",489,12.31579,12.31579,0,0,0,0,0,103.7718,1956.72,5.095889,4.295223,103.7683,1956.703,5.095715,4.29519
"2017-03-06 21:00:00",490,12.30115,12.30108,0,0,0,0,0,103.7916,1957.138,5.096855,4.296038,103.786,1957.019,5.096579,4.295691
"2017-03-06 21:30:00",491,12.28134,12.28096,0,0,0,0,0,103.7917,1957.141,5.096861,4.296043,103.7917,1957.258,5.096861,4.295929
"2017-03-06 22:00:00",492,12.26644,12.26643,0,0,0,0,0,103.7638,1957.141,5.096179,4.294679,103.7778,1957.141,5.096292,4.295815
"2017-03-06 22:30:00",493,12.24975,12.24975,0,0,0,0,0,103.7638,1957.141,5.095497,4.295361,103.7685,1957.141,5.095611,4.295361
"2017-03-06 23:00:00",494,12.23306,12.23306,0,0,0,0,0,103.7638,1957.141,5.096179,4.295361,103.7638,1956.965,5.095725,4.295475
"2017-03-06 23:30:00",495,12.2275,12.2275,0,0,0,0,0,103.7638,1957.141,5.096861,4.296043,103.7801,1957.141,5.096065,4.295929
"2017-03-07 00:00:00",496,12.21081,12.21081,0,0,0,0,0,103.7917,1957.141,5.096861,4.295361,103.7824,1957.199,5.096293,4.295588
"2017-03-07 00:30:00",497,12.20525,12.20525,0,0,0,0,0,103.7917,1957.141,5.096861,4.294679,103.7917,1957.141,5.096861,4.295475
"2017-03-07 01:00:00",498,12.19229,12.19229,0,0,0,0,0,103.7917,1957.492,5.096861,4.296043,103.7917,1957.316,5.096861,4.296043
"2017-03-07 01:30:00",499,12.18612,12.18604,0,0,0,0,0,103.8197,1957.843,5.096861,4.296043,103.8104,1957.667,5.097543,4.296725
"2017-03-07 02:00:00",500,12.17904,12.17904,0,0,0,0,0,103.8197,1957.843,5.098226,4.297407,103.8197,1957.842,5.098112,4.296839
"2017-03-07 02:30:00",501,12.16771,12.16771,0,0,0,0,0,103.8197,1957.843,5.098226,4.296725,103.8197,1957.842,5.098226,4.296839
"2017-03-07 03:00:00",502,12.16215,12.16215,0,0,0,0,0,103.8197,1957.843,5.098226,4.297407,103.8197,1957.842,5.098226,4.297066
"2017-03-07 03:30:00",503,12.15545,12.15545,0,0,0,0,0,103.8148,1957.74,5.09799,4.297208,103.816,1957.766,5.098048,4.296916
"2017-03-07 04:00:00",504,12.14928,12.14928,0,0,0,0,0,103.8084,1957.604,5.097674,4.296942,103.8087,1957.609,5.097688,4.29684
"2017-03-07 04:30:00",505,12.1439,12.1434,0,0,0,0,0,103.7892,1957.198,5.096739,4.295473,103.8033,1957.348,5.097085,4.295877
"2017-03-07 05:00:00",506,12.13786,12.13786,0,0,0,0,0,103.7861,1957.133,5.096588,4.295345,103.7896,1957.157,5.096643,4.295846
"2017-03-07 05:30:00",507,12.13235,12.13235,0,0,0,0,0,103.7981,1957.09,5.096489,4.295262,103.7869,1957.1,5.096512,4.295849
"2017-03-07 06:00:00",508,12.12672,12.12672,0,0,0,0,0,103.7981,1957.09,5.097853,4.295944,103.7981,1957.09,5.097058,4.295944
"2017-03-07 06:30:00",509,12.12099,12.12099,0,0,0,0,0,103.812,1957.09,5.097853,4.295944,103.8027,1957.148,5.097285,4.295944
"2017-03-07 07:00:00",510,12.11559,12.11555,0,0,0,0,0,103.812,1957.09,5.097171,4.295944,103.8074,1957.148,5.097626,4.295944
"2017-03-07 07:30:00",511,12.11537,12.10955,0,0,0,0,0,103.812,1957.09,5.097853,4.295944,103.812,1957.09,5.097626,4.295944
"2017-03-07 08:00:00",512,12.13196,12.10963,0,0,0,0,0,103.7981,1957.09,5.097171,4.295944,103.8074,1957.09,5.097626,4.295944
"2017-03-07 08:30:00",513,12.17089,12.14318,0,0,0,0,0,103.7841,1957.09,5.096489,4.295944,103.7934,1957.09,5.09683,4.295944
"2017-03-07 09:00:00",514,12.19695,12.17606,0,0,0,0,0,103.7981,1957.09,5.096489,4.295262,103.7888,1957.148,5.096603,4.295603
"2017-03-07 09:30:00",515,12.28586,12.21916,0,0,0,0,0,103.7841,1957.09,5.096489,4.295944,103.7864,1957.148,5.096489,4.295489
"2017-03-07 10:00:00",516,12.31922,12.27474,0,0,0,0,0,103.7654,1956.694,5.095576,4.294492,103.779,1956.982,5.09624,4.295279
"2017-03-07 10:30:00",517,12.45673,12.36369,0,0,0,0,0,103.7487,1956.339,5.094758,4.29312,103.7543,1956.46,5.095035,4.293695
"2017-03-07 11:00:00",518,12.46506,12.42627,0,0,0,0,0,103.7486,1956.337,5.094752,4.293116,103.7509,1956.337,5.094865,4.29323
"2017-03-07 11:30:00",519,12.43172,12.43172,0,0,0,0,0,103.7765,1956.337,5.096115,4.294479,103.7672,1956.337,5.095433,4.294365
"2017-03-07 12:00:00",520,12.42616,12.40949,0,0,0,0,0,103.7765,1956.337,5.096115,4.294479,103.7765,1956.337,5.096115,4.294479
"2017-03-07 12:30:00",521,12.46455,12.4206,0,0,0,0,0,103.7765,1956.337,5.096115,4.294479,103.7741,1956.337,5.096115,4.294479
"2017-03-07 13:00:00",522,12.49629,12.4533,0,0,0,0,0,103.7753,1956.312,5.096058,4.294431,103.7757,1956.32,5.096076,4.294333
"2017-03-07 13:30:00",523,12.50528,12.49574,0,0,0,0,0,103.7612,1956.013,5.095368,4.293849,103.7655,1956.104,5.095578,4.293799
"2017-03-07 14:00:00",524,12.62192,12.49415,0,0,0,0,0,103.7508,1955.793,5.094861,4.292059,103.7514,1955.807,5.094779,4.293221
"2017-03-07 14:30:00",525,12.51081,12.51081,0,0,0,0,0,103.7425,1956.32,5.094458,4.293083,103.7439,1955.882,5.094526,4.29314
"2017-03-07 15:00:00",526,12.56081,12.47748,0,0,0,0,0,103.7409,1955.585,5.09438,4.293016,103.741,1955.996,5.094384,4.29302
"2017-03-07 15:30:00",527,12.54414,12.52192,0,0,0,0,0,103.7413,1956.293,5.094398,4.293032,103.7418,1955.895,5.094421,4.293051
"2017-03-07 16:00:00",528,12.43303,12.41637,0,0,0,0,0,103.7549,1956.286,5.095061,4.293016,103.7456,1956.286,5.094721,4.29313
"2017-03-07 16:30:00",529,12.34415,12.34415,0,0,0,0,0,103.7803,1956.528,5.096302,4.293488,103.7703,1956.365,5.095244,4.29317
"2017-03-07 17:00:00",530,12.33304,12.32748,0,0,0,0,0,103.7526,1956.532,5.096313,4.293497,103.7625,1956.447,5.095888,4.293444
"2017-03-07 17:30:00",531,12.28859,12.28859,0,0,0,0,0,103.7873,1956.676,5.096642,4.293775,103.7798,1956.616,5.096051,4.293772
"2017-03-07 18:00:00",532,12.23859,12.23859,0,0,0,0,0,103.7881,1956.693,5.096682,4.294489,103.7875,1956.681,5.096653,4.293898
"2017-03-07 18:30:00",533,12.19415,12.19415,0,0,0,0,0,103.7994,1956.932,5.097234,4.295637,103.7952,1957.018,5.097029,4.295123
"2017-03-07 19:00:00",534,12.17256,12.17256,0,0,0,0,0,103.8026,1957.352,5.097393,4.295771,103.801,1957.434,5.097314,4.295591
"2017-03-07 19:30:00",535,12.16642,12.16642,0,0,0,0,0,103.7875,1957.382,5.096653,4.295147,103.7973,1957.481,5.097131,4.295454
"2017-03-07 20:00:00",536,12.15526,12.15526,0,0,0,0,0,103.8156,1957.385,5.097343,4.295154,103.798,1957.358,5.096712,4.295101
"2017-03-07 20:30:00",537,12.14415,12.14415,0,0,0,0,0,103.7881,1957.396,5.098049,4.295175,103.8022,1957.398,5.097373,4.295179
"2017-03-07 21:00:00",538,12.1386,12.1386,0,0,0,0,0,103.8078,1957.221,5.096964,4.294835,103.8055,1957.271,5.097195,4.294933
"2017-03-07 21:30:00",539,12.13304,12.13304,0,0,0,0,0,103.8071,1957.206,5.097611,4.294806,103.8069,1957.201,5.097601,4.294797
"2017-03-07 22:00:00",540,12.12749,12.12749,0,0,0,0,0,103.8016,1957.09,5.097343,4.29458,103.8031,1957.122,5.097418,4.294643
"2017-03-07 22:30:00",541,12.12193,12.12193,0,0,0,0,0,103.8014,1957.085,5.097332,4.29457,103.7997,1957.049,5.09725,4.294502
"2017-03-07 23:00:00",542,12.11637,12.11637,0,0,0,0,0,103.7968,1957.338,5.097107,4.294381,103.7974,1957.058,5.097136,4.294519
"2017-03-07 23:30:00",543,12.11082,12.11082,0,0,0,0,0,103.7967,1956.987,5.097106,4.294379,103.7967,1957.045,5.097106,4.294493
"2017-03-08 00:00:00",544,12.11082,12.11082,0,0,0,0,0,103.7967,1957.337,5.097106,4.294379,103.7967,1957.22,5.097106,4.294607
"2017-03-08 00:30:00",545,12.10526,12.10526,0,0,0,0,0,103.7967,1957.337,5.097106,4.295061,103.7967,1957.337,5.097106,4.295288
"2017-03-08 01:00:00",546,12.09971,12.09971,0,0,0,0,0,103.7967,1957.688,5.097106,4.295743,103.7967,1957.512,5.097106,4.295288
"2017-03-08 01:30:00",547,12.09415,12.09415,0,0,0,0,0,103.7968,1957.69,5.097111,4.295747,103.7976,1957.589,5.097147,4.295664
"2017-03-08 02:00:00",548,12.0886,12.0886,0,0,0,0,0,103.7967,1957.688,5.097106,4.295743,103.7967,1957.629,5.097106,4.295743
"2017-03-08 02:30:00",549,12.08304,12.08304,0,0,0,0,0,103.7967,1957.688,5.097106,4.295061,103.7991,1957.688,5.097106,4.295516
"2017-03-08 03:00:00",550,12.08304,12.08304,0,0,0,0,0,103.7967,1957.337,5.097106,4.297105,103.7967,1957.629,5.097106,4.295743
"2017-03-08 03:30:00",551,12.07749,12.07749,0,0,0,0,0,103.7967,1957.688,5.097106,4.295743,103.8014,1957.688,5.097106,4.295743
"2017-03-08 04:00:00",552,12.07749,12.07749,0,0,0,0,0,103.8107,1957.688,5.097106,4.295743,103.7991,1957.688,5.097106,4.295743
"2017-03-08 04:30:00",553,12.07193,12.07193,0,0,0,0,0,103.7967,1957.688,5.097106,4.295743,103.7967,1957.688,5.097332,4.295629
"2017-03-08 05:00:00",554,12.06638,12.06638,0,0,0,0,0,103.8246,1957.688,5.097106,4.295743,103.8084,1957.688,5.097332,4.295743
"2017-03-08 05:30:00",555,12.06638,12.06638,0,0,0,0,0,103.7967,1957.688,5.097787,4.295743,103.7991,1957.688,5.097787,4.295856
"2017-03-08 06:00:00",556,12.06082,12.06082,0,0,0,0,0,103.8107,1957.688,5.097106,4.295743,103.8037,1957.688,5.097446,4.295743
"2017-03-08 06:30:00",557,12.05527,12.05527,0,0,0,0,0,103.8107,1957.688,5.097106,4.295743,103.8084,1957.688,5.097446,4.295969
"2017-03-08 07:00:00",558,12.04971,12.04971,0,0,0,0,0,103.8107,1957.688,5.097787,4.295743,103.8084,1957.688,5.097673,4.295856
"2017-03-08 07:30:00",559,12.05527,12.04971,0,0,0,0,0,103.7967,1957.688,5.097106,4.295743,103.8107,1957.688,5.097559,4.295743
"2017-03-08 08:00:00",560,12.06082,12.05527,0,0,0,0,0,103.8107,1957.688,5.097106,4.295743,103.806,1957.688,5.097219,4.295856
"2017-03-08 08:30:00",561,12.07193,12.06082,0,0,0,0,0,103.7967,1957.688,5.097787,4.295743,103.7967,1957.688,5.097332,4.295969
"2017-03-08 09:00:00",562,12.10526,12.07749,0,0,0,0,0,103.7967,1957.688,5.097106,4.296424,103.7967,1957.688,5.097219,4.295856
"2017-03-08 09:30:00",563,12.17748,12.12749,0,0,0,0,0,103.7967,1956.987,5.097106,4.295743,103.7967,1957.103,5.097106,4.295061
"2017-03-08 10:00:00",564,12.2552,12.1886,0,0,0,0,0,103.7967,1956.987,5.097106,4.295061,103.7967,1956.986,5.097106,4.295174
"2017-03-08 10:30:00",565,12.39645,12.27729,0,0,0,0,0,103.7688,1956.636,5.095743,4.293698,103.7874,1956.811,5.096538,4.294947
"2017-03-08 11:00:00",566,12.46767,12.39573,0,0,0,0,0,103.7805,1956.588,5.095631,4.294286,103.7685,1956.336,5.09561,4.293682
"2017-03-08 11:30:00",567,12.46759,12.38992,0,0,0,0,0,103.7474,1956.236,5.094012,4.292921,103.7632,1956.326,5.095353,4.293549
"2017-03-08 12:00:00",568,12.58879,12.49515,0,0,0,0,0,103.7333,1955.533,5.094007,4.292917,103.7356,1955.65,5.094007,4.292463
"2017-03-08 12:30:00",569,13.61818,12.6776,0,0,0,0,0,103.7472,1955.533,5.094688,4.292917,103.7379,1955.533,5.094234,4.292803
"2017-03-08 13:00:00",570,12.92791,12.86851,0,0,0,0,0,103.7612,1956.234,5.095369,4.293598,103.7612,1956.234,5.095369,4.293598
"2017-03-08 13:30:00",571,13.57469,13.05861,0,0,0,0,0,103.7589,1956.186,5.095258,4.294185,103.7608,1956.226,5.09535,4.293355
"2017-03-08 14:00:00",572,12.73111,12.73111,0,0,0,0,0,103.7602,1956.214,5.095323,4.292877,103.7604,1956.217,5.09533,4.294019
"2017-03-08 14:30:00",573,13.60431,12.8865,0,0,0,0,0,103.7612,1956.233,5.095367,4.294277,103.7607,1956.223,5.095343,4.294143
"2017-03-08 15:00:00",574,12.83873,12.83873,0,0,0,0,0,103.7612,1956.233,5.095367,4.294277,103.7611,1956.233,5.095367,4.294277
"2017-03-08 15:30:00",575,13.24345,12.77114,0,0,0,0,0,103.7612,1956.233,5.095367,4.294277,103.7611,1956.233,5.095367,4.294277
"2017-03-08 16:00:00",576,12.82761,12.69427,0,0,0,0,0,103.7612,1956.233,5.095367,4.294277,103.7611,1956.233,5.095367,4.294277
"2017-03-08 16:30:00",577,12.57842,12.57842,0,0,0,0,0,103.7612,1956.233,5.095367,4.294277,103.7611,1956.233,5.095367,4.294277
"2017-03-08 17:00:00",578,12.50226,12.50226,0,0,0,0,0,103.7612,1957.634,5.095367,4.294277,103.7611,1956.759,5.095367,4.294277
"2017-03-08 17:30:00",579,12.46341,12.46341,0,0,0,0,0,103.7612,1956.583,5.095367,4.294277,103.7611,1956.934,5.095367,4.294504
"2017-03-08 18:00:00",580,12.7632,12.35238,0,0,0,0,0,103.7333,1956.233,5.094005,4.292915,103.7542,1957.05,5.095026,4.29439
"2017-03-08 18:30:00",581,12.35019,12.35019,0,0,0,0,0,103.7612,1956.934,5.095367,4.294277,103.7611,1956.759,5.095367,4.294277
"2017-03-08 19:00:00",582,12.2955,12.2955,0,0,0,0,0,103.7964,1957.68,5.097089,4.295728,103.7867,1957.242,5.096617,4.295331
"2017-03-08 19:30:00",583,12.26635,12.26635,0,0,0,0,0,103.7711,1957.385,5.095852,4.295835,103.7854,1957.636,5.09644,4.295756
"2017-03-08 20:00:00",584,12.2497,12.2497,0,0,0,0,0,103.7813,1957.952,5.096353,4.294893,103.7773,1957.76,5.096044,4.295769
"2017-03-08 20:30:00",585,12.23303,12.23303,0,0,0,0,0,103.7844,1958.017,5.096503,4.295702,103.7819,1957.847,5.09638,4.295485
"2017-03-08 21:00:00",586,12.21637,12.21637,0,0,0,0,0,103.7989,1958.324,5.097211,4.295617,103.7935,1958.034,5.096946,4.295848
"2017-03-08 21:30:00",587,12.20591,12.20591,0,0,0,0,0,103.8043,1958.438,5.097474,4.29652,103.8027,1958.287,5.097395,4.29634
"2017-03-08 22:00:00",588,12.1973,12.1973,0,0,0,0,0,103.8043,1957.738,5.097476,4.296523,103.8043,1957.972,5.097476,4.29675
"2017-03-08 22:30:00",589,12.18682,12.18682,0,0,0,0,0,103.8043,1957.738,5.097476,4.295841,103.8043,1957.972,5.097476,4.296295
"2017-03-08 23:00:00",590,12.18076,12.18053,0,0,0,0,0,103.8043,1958.439,5.097476,4.297886,103.8043,1958.089,5.097476,4.29675
"2017-03-08 23:30:00",591,12.17248,12.17248,0,0,0,0,0,103.8321,1958.436,5.09815,4.29856,103.8086,1958.43,5.097796,4.298209
"2017-03-09 00:00:00",592,12.16637,12.16637,0,0,0,0,0,103.8058,1957.879,5.097548,4.296797,103.8132,1958.133,5.09768,4.297859
"2017-03-09 00:30:00",593,12.16082,12.16082,0,0,0,0,0,103.7988,1957.731,5.097205,4.297189,103.8018,1957.852,5.097351,4.296971
"2017-03-09 01:00:00",594,12.15526,12.15526,0,0,0,0,0,103.7967,1958.038,5.097106,4.297105,103.7972,1958.165,5.097129,4.297806
"2017-03-09 01:30:00",595,12.14971,12.14971,0,0,0,0,0,103.7967,1958.038,5.097106,4.298468,103.7967,1958.213,5.097106,4.298241
"2017-03-09 02:00:00",596,12.14415,12.14415,0,0,0,0,0,103.7982,1958.419,5.097177,4.297846,103.797,1958.276,5.097117,4.297797
"2017-03-09 02:30:00",597,12.1386,12.1386,0,0,0,0,0,103.7981,1958.417,5.097172,4.297843,103.7997,1958.042,5.09725,4.298023
"2017-03-09 03:00:00",598,12.13304,12.13304,0,0,0,0,0,103.8087,1958.641,5.097689,4.297597,103.8059,1958.408,5.097554,4.297483
"2017-03-09 03:30:00",599,12.12827,12.12749,0,0,0,0,0,103.8182,1959.138,5.098834,4.298563,103.8211,1958.877,5.098411,4.298398
"2017-03-09 04:00:00",600,12.12506,12.12357,0,0,0,0,0,103.8043,1959.14,5.09884,4.298568,103.8136,1959.14,5.098158,4.298567
"2017-03-09 04:30:00",601,12.11824,12.11824,0,0,0,0,0,103.8323,1959.14,5.09884,4.298568,103.8253,1959.14,5.098613,4.298568
"2017-03-09 05:00:00",602,12.11368,12.11324,0,0,0,0,0,103.8183,1959.14,5.09884,4.299931,103.8225,1959.131,5.098478,4.298777
"2017-03-09 05:30:00",603,12.10939,12.10939,0,0,0,0,0,103.8043,1959.14,5.097476,4.297886,103.8113,1959.14,5.097703,4.298454
"2017-03-09 06:00:00",604,12.10383,12.10383,0,0,0,0,0,103.8043,1959.14,5.097476,4.297204,103.8043,1959.082,5.097476,4.297886
"2017-03-09 06:30:00",605,12.10012,12.09927,0,0,0,0,0,103.7904,1958.79,5.097476,4.297204,103.7997,1959.023,5.09725,4.297545
"2017-03-09 07:00:00",606,12.09499,12.09445,0,0,0,0,0,103.8043,1959.14,5.097476,4.299249,103.8043,1959.023,5.097476,4.297999
"2017-03-09 07:30:00",607,12.10079,12.09411,0,0,0,0,0,103.8043,1959.14,5.097476,4.297886,103.802,1959.023,5.09725,4.29834
"2017-03-09 08:00:00",608,12.11352,12.10114,0,0,0,0,0,103.8113,1958.937,5.097135,4.298854,103.7993,1959.172,5.097343,4.29897
"2017-03-09 08:30:00",609,12.16356,12.10796,0,0,0,0,0,103.8052,1959.75,5.097519,4.299754,103.7993,1959.526,5.097003,4.298977
"2017-03-09 09:00:00",610,12.27474,12.17467,0,0,0,0,0,103.8112,1959.176,5.09713,4.298636,103.809,1959.597,5.097591,4.299001
"2017-03-09 09:30:00",611,12.4304,12.30254,0,0,0,0,0,103.7841,1958.491,5.096487,4.297305,103.7857,1958.885,5.096451,4.297843
"2017-03-09 10:00:00",612,12.62497,12.48043,0,0,0,0,0,103.7559,1958.486,5.095109,4.297294,103.7649,1958.313,5.095436,4.297185
"2017-03-09 10:30:00",613,13.73681,12.63053,0,0,0,0,0,103.7294,1957.926,5.093819,4.295524,103.7413,1957.825,5.094396,4.296351
"2017-03-09 11:00:00",614,15.17154,14.07593,0,0,0,0,0,103.7486,1957.739,5.09407,4.297206,103.7357,1957.763,5.094011,4.296115
"2017-03-09 11:30:00",615,15.43267,15.24374,0,0,0,0,0,103.7486,1958.44,5.094752,4.294479,103.7486,1957.856,5.094752,4.295615
"2017-03-09 12:00:00",616,15.56714,15.44934,0,0,0,0,0,103.7448,1958.711,5.09457,4.297052,103.747,1958.582,5.094674,4.296344
"2017-03-09 12:30:00",617,15.38296,15.28852,0,0,0,0,0,103.7353,1957.864,5.093423,4.296085,103.7273,1958.308,5.093485,4.296041
"2017-03-09 13:00:00",618,14.87742,14.87742,0,0,0,0,0,103.7421,1959.004,5.094435,4.296257,103.7358,1958.638,5.094244,4.295887
"2017-03-09 13:30:00",619,15.6712,13.31635,0,0,0,0,0,103.7485,1957.738,5.094749,4.297203,103.747,1957.705,5.094788,4.297368
"2017-03-09 14:00:00",620,15.53825,15.51047,0,0,0,0,0,103.7485,1958.439,5.09475,4.297204,103.7439,1958.439,5.094636,4.297318
"2017-03-09 14:30:00",621,14.23784,14.23784,0,0,0,0,0,103.7485,1957.738,5.09475,4.297204,103.7462,1958.089,5.094636,4.297318
"2017-03-09 15:00:00",622,15.59383,13.08192,0,0,0,0,0,103.7206,1959.14,5.09475,4.297204,103.7415,1958.264,5.09475,4.297204
"2017-03-09 15:30:00",623,15.38265,15.38265,0,0,0,0,0,103.7485,1958.439,5.09475,4.297204,103.7439,1958.498,5.094068,4.297204
"2017-03-09 16:00:00",624,15.21037,15.21037,0,0,0,0,0,103.7485,1958.089,5.094069,4.297204,103.7439,1958.439,5.094523,4.297204
"2017-03-09 16:30:00",625,13.24308,13.24308,0,0,0,0,0,103.7346,1958.439,5.093387,4.297204,103.7439,1958.381,5.094296,4.297204
"2017-03-09 17:00:00",626,13.94769,13.27087,0,0,0,0,0,103.7264,1957.862,5.093672,4.296763,103.7216,1958.168,5.093661,4.296903
"2017-03-09 17:30:00",627,13.65343,13.65343,0,0,0,0,0,103.7547,1958.462,5.095054,4.297929,103.7451,1958.315,5.094582,4.297076
"2017-03-09 18:00:00",628,13.02524,13.02524,0,0,0,0,0,103.7562,1958.492,5.095124,4.297306,103.7538,1958.49,5.095119,4.297303
"2017-03-09 18:30:00",629,12.73268,12.73268,0,0,0,0,0,103.7282,1958.492,5.09376,4.297988,103.7306,1958.492,5.093874,4.29776
"2017-03-09 19:00:00",630,12.56208,12.56208,0,0,0,0,0,103.7631,1959.23,5.095461,4.300106,103.7501,1958.605,5.094829,4.29889
"2017-03-09 19:30:00",631,12.50871,12.50871,0,0,0,0,0,103.7638,1958.544,5.095497,4.298771,103.7638,1959.011,5.095495,4.299111
"2017-03-09 20:00:00",632,12.48335,12.48335,0,0,0,0,0,103.7638,1958.544,5.094133,4.29809,103.7638,1958.544,5.09527,4.298658
"2017-03-09 20:30:00",633,12.46244,12.46191,0,0,0,0,0,103.7359,1958.544,5.094133,4.298771,103.7475,1958.544,5.094474,4.298544
"2017-03-09 21:00:00",634,12.44305,12.44305,0,0,0,0,0,103.7568,1958.989,5.095157,4.299635,103.7436,1958.708,5.09451,4.298975
"2017-03-09 21:30:00",635,12.42645,12.42645,0,0,0,0,0,103.7706,1959.281,5.095829,4.300203,103.7663,1959.189,5.095618,4.300025
"2017-03-09 22:00:00",636,12.40975,12.40975,0,0,0,0,0,103.7715,1959.298,5.09587,4.300238,103.7714,1959.297,5.095869,4.300236
"2017-03-09 22:30:00",637,12.39896,12.39862,0,0,0,0,0,103.7715,1959.298,5.09587,4.300238,103.7715,1959.298,5.09587,4.300238
"2017-03-09 23:00:00",638,12.3896,12.38949,0,0,0,0,0,103.7715,1959.298,5.09587,4.299555,103.7715,1959.298,5.09587,4.299783
"2017-03-09 23:30:00",639,12.37476,12.37476,0,0,0,0,0,103.7715,1958.596,5.09587,4.298873,103.7715,1958.655,5.09587,4.299441
"2017-03-10 00:00:00",640,12.36389,12.36389,0,0,0,0,0,103.792,1959.733,5.096189,4.299718,103.7783,1958.859,5.096093,4.299157
"2017-03-10 00:30:00",641,12.34929,12.34929,0,0,0,0,0,103.7782,1959.332,5.096202,4.300304,103.7892,1959.22,5.096283,4.300086
"2017-03-10 01:00:00",642,12.34079,12.33951,0,0,0,0,0,103.8096,1959.998,5.097735,4.301598,103.7886,1959.551,5.096706,4.300729
"2017-03-10 01:30:00",643,12.32568,12.32568,0,0,0,0,0,103.7868,1960.106,5.09662,4.301809,103.7935,1960.1,5.096946,4.301796
"2017-03-10 02:00:00",644,12.31643,12.31599,0,0,0,0,0,103.7868,1959.404,5.09662,4.300444,103.7868,1959.638,5.09662,4.300785
"2017-03-10 02:30:00",645,12.30753,12.30736,0,0,0,0,0,103.7868,1959.404,5.09662,4.300444,103.7868,1959.404,5.09662,4.300444
"2017-03-10 03:00:00",646,12.29089,12.29089,0,0,0,0,0,103.7868,1959.404,5.09662,4.300444,103.7845,1959.463,5.096506,4.300444
"2017-03-10 03:30:00",647,12.28116,12.28116,0,0,0,0,0,103.7934,1960.137,5.096942,4.301868,103.7903,1959.873,5.09679,4.301241
"2017-03-10 04:00:00",648,12.2728,12.27277,0,0,0,0,0,103.7973,1959.868,5.097133,4.300663,103.7949,1959.875,5.097014,4.301018
"2017-03-10 04:30:00",649,12.26166,12.26166,0,0,0,0,0,103.8272,1960.502,5.098593,4.301895,103.8088,1959.996,5.097697,4.301253
"2017-03-10 05:00:00",650,12.25334,12.25334,0,0,0,0,0,103.8021,1960.563,5.097369,4.302015,103.8206,1960.443,5.097929,4.302008
"2017-03-10 05:30:00",651,12.24913,12.24909,0,0,0,0,0,103.8021,1960.212,5.097369,4.302015,103.8021,1960.505,5.097369,4.302015
"2017-03-10 06:00:00",652,12.23798,12.23798,0,0,0,0,0,103.8021,1960.915,5.097369,4.302015,103.8021,1960.739,5.097369,4.302015
"2017-03-10 06:30:00",653,12.2324,12.2324,0,0,0,0,0,103.8021,1960.563,5.097369,4.302015,103.8021,1960.739,5.097369,4.302015
"2017-03-10 07:00:00",654,12.22683,12.22683,0,0,0,0,0,103.8021,1960.563,5.097369,4.302015,103.8021,1960.681,5.097369,4.302015
"2017-03-10 07:30:00",655,12.27233,12.23282,0,0,0,0,0,103.8021,1960.212,5.097369,4.301332,103.8021,1960.329,5.097369,4.301673
"2017-03-10 08:00:00",656,12.3681,12.284,0,0,0,0,0,103.7741,1960.212,5.096685,4.300649,103.7951,1960.212,5.097141,4.300649
"2017-03-10 08:30:00",657,12.56703,12.3967,0,0,0,0,0,103.7741,1959.509,5.096002,4.299282,103.7765,1959.626,5.096116,4.29951
"2017-03-10 09:00:00",658,12.88169,12.60598,0,0,0,0,0,103.7741,1959.861,5.096002,4.299282,103.7695,1959.626,5.095774,4.299282
"2017-03-10 09:30:00",659,13.23263,12.92526,0,0,0,0,0,103.7326,1958.738,5.093971,4.297782,103.756,1959.234,5.095116,4.298521
"2017-03-10 10:00:00",660,15.46237,13.34396,0,0,0,0,0,103.7589,1959.405,5.095256,4.29908,103.7427,1959.056,5.09435,4.299198
"2017-03-10 10:30:00",661,16.32534,15.72901,0,0,0,0,0,103.7582,1959.5,5.095224,4.299949,103.761,1959.604,5.095249,4.299127
"2017-03-10 11:00:00",662,16.21987,16.21987,0,0,0,0,0,103.7444,1959.317,5.094549,4.300274,103.7454,1959.567,5.09437,4.300646
"2017-03-10 11:30:00",663,16.25272,16.21361,0,0,0,0,0,103.7386,1959.304,5.094267,4.300249,103.7505,1959.752,5.094845,4.30078
"2017-03-10 12:00:00",664,16.14061,16.14061,0,0,0,0,0,103.7499,1959.949,5.0955,4.301503,103.7384,1959.835,5.094485,4.301281
